"","id","baseMean","baseMeanA","baseMeanB","foldChange","log2FoldChange","pval","padj"
"2","ECB_00002",239.861159432255,465.099927080866,14.6223917836437,0.0314392476374251,-4.99128949643848,2.51744054923822e-05,0.000823729965762366
"3","ECB_00003",105.543343593449,202.592660056177,8.49402713072026,0.0419266281827039,-4.5759893791395,0.000764836693778207,0.0140364160192948
"4","ECB_00004",105.926133380546,203.218792434931,8.63347432616055,0.0424836415112787,-4.55694875684595,0.000372163961565139,0.00770051020473751
"8","ECB_00008",166.878690346461,274.673213461011,59.0841672319099,0.215107132171433,-2.21687273480434,0.0125613584381673,0.121053639195215
"14","ECB_00014",239.006478095652,441.870256943725,36.1426992475781,0.0817948225290508,-3.61184666382117,0.0207951454311743,0.180609689022606
"15","ECB_00015",17.1991134979936,31.5204022206004,2.87782477538685,0.0913003823760228,-3.45323528738739,0.0295138167291228,0.229425083634672
"27","ECB_00027",185.32644577635,342.490749557271,28.16214199543,0.0822274529511657,-3.60423604861496,0.000106887573225846,0.00275105150357497
"29","ECB_00029",20.7157085367523,36.9574808476881,4.47393622581647,0.121056309120602,-3.04624982430878,0.0374201974094519,0.268875348927966
"30","ECB_00030",195.555008102821,364.009010120967,27.1010060846759,0.0744514705162649,-3.7475558455265,8.08074787698071e-06,0.000294041696454617
"31","ECB_00031",38.8440031692052,77.6880063384104,0,0,-Inf,5.79230921377289e-05,0.00163174554056837
"33","ECB_00033",31.6420679344603,61.944105567286,1.34003030163459,0.0216328945161538,-5.5306294766377,0.00138492851225412,0.0220161048813161
"37","ECB_00037",152.940168148538,301.348083094581,4.53225320249384,0.0150399271034067,-6.05505861529964,0.00173120111468089,0.0262856111693096
"43","ECB_00043",32.1165425162312,4.46311215391245,59.76997287855,13.3919943791138,3.7432989223606,0.0489378101557414,0.326845722574975
"57","ECB_00057",86.1028216916337,162.115504802117,10.0901385811499,0.0622404290907657,-4.00600418335509,0.000194584117721969,0.00458848916706386
"58","ECB_00058",102.009181989592,169.332328986595,34.6860349925887,0.204840004269561,-2.28743060061726,0.014926966837413,0.137870299826521
"65","ECB_00065",16.5641691319279,0.690024214727026,32.4383140491288,47.0103995726605,5.55490803789606,0.00523412081852493,0.0638532484826408
"73","ECB_00073",122.383300710366,244.766601420733,0,0,-Inf,3.81516381964732e-09,4.02595162068284e-07
"74","ECB_00074",85.6383485430052,171.27669708601,0,0,-Inf,1.03831616649788e-07,7.42836023523316e-06
"75","ECB_00075",79.621883753,156.563706902731,2.68006060326919,0.0171180195991032,-5.86834038522128,7.63666793260995e-06,0.000285259958792448
"76","ECB_00076",36.577583210419,67.7950452142996,5.36012120653838,0.0790636128288591,-3.66084230884955,0.0123465998362656,0.120051103013895
"79","ECB_00079",31.9435561790357,62.2910009076417,1.59611145042962,0.025623467710788,-5.28639045606958,0.00131098423984686,0.0213321658896547
"85","ECB_00085",85.3541700330378,156.656427556699,14.0519125093763,0.0896989209350534,-3.47876555993689,0.000752022597645051,0.0138849098314103
"86","ECB_00086",68.8530056248727,124.540283721091,13.1657275286544,0.10571461004649,-3.24175332001119,0.00098944316146254,0.0171238064565218
"87","ECB_00087",21.6551218155694,37.5545940803651,5.7556495507737,0.153260864395362,-2.70593874721113,0.0312377095448293,0.238434669057368
"88","ECB_00088",35.5008703464936,63.5333457384292,7.46839495455806,0.117550789553976,-3.08864386570689,0.0274915820224119,0.217307055649065
"89","ECB_00089",41.2537609805834,72.4757003566942,10.0318216044725,0.138416345824879,-2.85291377150799,0.0126115521428027,0.121260504771686
"90","ECB_00090",11.5638280753304,23.1276561506609,0,0,-Inf,0.031639236105881,0.23968532410089
"91","ECB_00091",18.9463251897888,35.0148256041907,2.87782477538685,0.0821887507856793,-3.60491524472801,0.0194868058349844,0.174102900099347
"92","ECB_00092",43.2530158330523,84.909920215675,1.59611145042962,0.0187977028641109,-5.73329981877828,0.000185445007089214,0.00439754705013242
"93","ECB_00093",32.4161762933088,63.492322284983,1.34003030163459,0.0211053912254133,-5.56624461735037,0.00119274187617111,0.019821115981568
"94","ECB_00094",19.7776586830205,36.6191756139768,2.93614175206422,0.0801804437930479,-3.64060578704961,0.045639564227672,0.309718007403543
"95","ECB_00095",100.501073680929,181.590113645944,19.4120337159147,0.106900278468702,-3.22566248369152,0.0095477009002285,0.100250859452399
"96","ECB_00096",189.101141866771,339.636912612472,38.5653711210701,0.113548821370525,-3.13861536384673,0.000786594880568433,0.0142498583299543
"99","ECB_00099",368.504535523866,698.500709322357,38.5083617253749,0.0551300252260779,-4.1810179282055,2.12302950820407e-06,9.4329553201362e-05
"111","ECB_00111",160.981910323547,270.231414416388,51.7324062307066,0.191437425372738,-2.38505519546288,0.00925216174223526,0.0978792156883286
"113","ECB_00113",1408.66908215629,2686.4237514874,130.914412825171,0.0487318550369008,-4.35899104827057,1.53677176686406e-07,1.02963708379892e-05
"114","ECB_00114",341.225853284585,638.817799124947,43.6339074442217,0.0683041510490024,-3.87188293167179,4.23026679238956e-06,0.000171691885871888
"115","ECB_00115",425.690867006613,770.208087624096,81.1736463891296,0.105391838508903,-3.24616494516677,0.000117674628188862,0.00293908050642122
"117","ECB_00117",492.537620847326,923.64822522703,61.4270164676212,0.0665047739928506,-3.91039828271577,6.65812448297095e-06,0.000255490394932912
"118","ECB_00118",90.1506136781759,13.4304491251587,166.870778231193,12.4248099729295,3.63515188203036,0.0296753186855948,0.23025647090422
"119","ECB_00119",14.4510998391574,28.9021996783148,0,0,-Inf,0.013519055166047,0.128522369044785
"120","ECB_00120",13.0668280742679,26.1336561485358,0,0,-Inf,0.0201399478525056,0.177475406858927
"124","ECB_00124",48.1319885417201,91.7317238809464,4.53225320249384,0.0494076968222684,-4.33912038475913,0.00101193579714514,0.0174342081622434
"125","ECB_00125",44.9802246931478,87.2803887830264,2.68006060326919,0.0307063320940475,-5.02531999871667,0.000545314886076657,0.0106072540743298
"126","ECB_00126",12.3714324206165,24.7428648412329,0,0,-Inf,0.0244849640020734,0.200681617578158
"148","ECB_00148",39.8796049208315,70.9507845854704,8.80842525619265,0.124148384089842,-3.00986261130851,0.0268002653925541,0.213908995370966
"158","ECB_00158",44.0251161933478,77.4479315079556,10.6023008787399,0.136895855993918,-2.86884931978542,0.0159504629498374,0.145414479721952
"164","ECB_00164",73.2230409267383,130.483659768198,15.9624220852783,0.122332728202407,-3.03111766895594,0.00578566694161446,0.0694023691935906
"167","ECB_00167",825.103945744827,1611.24437686238,38.9635146272696,0.0241822501830196,-5.36990769469796,6.59878331830149e-10,8.70420762079706e-08
"168","ECB_00168",360.933155490002,712.032253547649,9.83405743235485,0.0138112527674938,-6.17801200272918,4.42710700780908e-10,6.47159846390486e-08
"172","ECB_00172",20.1969452171074,40.3938904342148,0,0,-Inf,0.0029277922940456,0.0396096515165592
"174","ECB_00174",43.4360762991545,74.8715044412572,12.0006481570519,0.160283251239694,-2.64130441559492,0.0453180056803556,0.308527906414163
"175","ECB_00175",275.184681149032,522.83732413456,27.5320381635031,0.0526588996091206,-4.24717881546731,1.56247825230872e-06,7.49456898067624e-05
"176","ECB_00176",384.259535205459,702.164272396567,66.3547980143503,0.0945003906106954,-3.40353589715055,7.0248610967355e-05,0.00192545056424159
"177","ECB_00177",157.722782409454,274.00106134147,41.4445034774391,0.151256726067165,-2.7249287974721,0.00375249889986118,0.048886721778747
"178","ECB_00178",77.4861894345261,144.626159139107,10.3462197299449,0.0715376788786425,-3.80515288056371,0.000425883401723177,0.00864256653208428
"182","ECB_00182",73.8725525255646,137.398885321184,10.3462197299449,0.0753006089224053,-3.73119465839967,0.00060375514962723,0.0115838658480752
"183","ECB_00183",73.5454094251735,140.390667342174,6.70015150817297,0.0477250492145799,-4.38910950442223,0.000298222896934842,0.00632562235156768
"196","ECB_00196",152.333822574341,297.257567170801,7.41007797788069,0.0249281390829083,-5.32608100193395,2.69183899492213e-07,1.52945372070958e-05
"216","ECB_00216",722.284244209712,108.477674196593,1336.09081422283,12.3167354399712,3.62254801417728,0.00434636891804019,0.0549282131827774
"232","ECB_00232",153.219526606033,258.668420909586,47.7706323024802,0.184679027051307,-2.43690805795032,0.00864862050179607,0.0933652867981617
"316","ECB_00316",11.0165245748196,22.0330491496392,0,0,-Inf,0.0371387395903306,0.268429143511619
"317","ECB_00317",19.328619551702,35.7210973513397,2.93614175206422,0.0821962921011467,-3.6047828747965,0.0498112645192506,0.329682441216071
"351","ECB_00351",48.5098184024053,89.9239569524022,7.09567985240829,0.0789075580400017,-3.66369269657523,0.000968919464143126,0.0169000374303642
"354","ECB_00354",23.2825071248565,46.565014249713,0,0,-Inf,0.00138470772487481,0.0220161048813161
"356","ECB_00356",118.272568669687,198.352481320454,38.1926560189204,0.192549423958136,-2.37669928779496,0.0125461805474251,0.121053639195215
"357","ECB_00357",39.3847285338269,68.4232373377089,10.3462197299449,0.151209152511744,-2.72538262805538,0.0285658413075038,0.224010479618971
"364","ECB_00364",35.8016637136975,61.7692699950402,9.83405743235485,0.159206308139055,-2.65103059480584,0.0451227434721011,0.307694830687785
"379","ECB_00379",94.3335828923176,167.776962152628,20.8902036320075,0.124511752769749,-3.00564616896045,0.00167138686205957,0.0254690395117453
"380","ECB_00380",47.3022555419974,82.778813856975,11.8256972270198,0.142858983790855,-2.80733633083583,0.00578764130683343,0.0694023691935906
"381","ECB_00381",89.6164476815613,172.078898534037,7.15399682908566,0.0415739343407676,-4.5881769062019,2.74059070738309e-05,0.00088984872122031
"382","ECB_00382",411.884336284181,786.856422293416,36.9122502749452,0.0469110364091059,-4.41392881501714,5.4860933955745e-07,2.75676193127619e-05
"383","ECB_00383",439.822407291974,847.602028879055,32.0427857048934,0.0378040455463158,-4.72531555910339,0.0119688910915684,0.11776384451634
"386","ECB_00386",299.688992279162,43.5660490852449,555.811935473079,12.757914640952,3.67332062594739,0.0209254441386729,0.180745096506576
"387","ECB_00387",502.178620619653,998.484957735177,5.87228350412843,0.00588119376124433,-7.40967526248711,2.01947563374353e-12,8.52420665003144e-10
"390","ECB_00390",12.5231315000926,25.0462630001851,0,0,-Inf,0.025089118225975,0.204442409327878
"392","ECB_00392",284.274687710591,467.184021539191,101.365353881991,0.216970934810722,-2.204426301125,0.00240706591834587,0.0345585892562515
"393","ECB_00393",68.131789476911,116.65378106579,19.6097978880323,0.168102548488959,-2.57258649842445,0.0136003478925094,0.12900464821187
"403","ECB_00403",24.3908197787876,45.845497805511,2.93614175206422,0.0640442768125263,-3.96478653697677,0.023151755797437,0.193512002417786
"412","ECB_00412",231.649452922331,7.24386020891506,456.055045635747,62.9574608679607,5.97630545169416,0.00487457726849443,0.0598127635183575
"413","ECB_00413",142.620970077669,257.314373647599,27.9275665077384,0.108534809431152,-3.2037702748939,0.000182210954468743,0.00436568531223991
"414","ECB_00414",56.318399479806,105.226720981731,7.41007797788069,0.0704201167607149,-3.82786857049807,0.00088810981305232,0.0156849854430705
"421","ECB_00421",31.9059886626384,62.4719470236421,1.34003030163459,0.0214501126582059,-5.54287096484673,0.00131399268687757,0.0213321658896547
"422","ECB_00422",39.7341694833916,68.807721111366,10.6606178554173,0.154933453444316,-2.69027940842727,0.044466794828102,0.303712525840483
"423","ECB_00423",45.3760984132756,83.5398830207881,7.21231380576303,0.0863337790881071,-3.53393104881783,0.00725631116208648,0.0816770384404454
"424","ECB_00424",76.8500546382551,136.002128545362,17.6979807311482,0.130130174582122,-2.94197256194452,0.0254897201897536,0.207202980732805
"425","ECB_00425",55.1091633636374,106.000471650253,4.21785507702144,0.0397909085814088,-4.6514173480206,0.0013267606415867,0.0214403919679223
"456","ECB_00456",695.866595385596,104.242184435869,1287.49100633532,12.3509595784364,3.62655122781246,0.00843331520720848,0.0916090935483004
"475","ECB_00475",106.464017554424,189.694982241129,23.2330528677187,0.122475843025654,-3.02943087287473,0.00477468069738828,0.0594283371443484
"476","ECB_00476",26.3427510875924,49.7493604231206,2.93614175206422,0.0590186833979813,-4.08268445261019,0.0124275640954646,0.120313642309532
"509","ECB_00509",83.2827016512919,156.219183572639,10.3462197299449,0.0662288682691401,-3.91639598436634,0.0313772702370172,0.238728363126767
"519","ECB_00519",52.9689300215628,101.661687989427,4.27617205369881,0.042062768563744,-4.57131237865576,0.00717306407547383,0.0809558916111632
"532","ECB_00532",19.2761420077168,38.5522840154336,0,0,-Inf,0.0389559583778783,0.2763816624418
"533","ECB_00533",101.030416875363,195.104601093759,6.956232656968,0.0356538626868422,-4.80979780518767,0.0216530918133387,0.184669925061445
"539","ECB_00539",10.542476687143,21.0849533742861,0,0,-Inf,0.0430317586224926,0.297278319387138
"542","ECB_00542",15.8735124322251,0.964446823410586,30.7825780410397,31.91734089826,4.99626855745348,0.0397167588317779,0.279873854806234
"574","ECB_00574",411.899310237219,773.349235149671,50.4493853247673,0.0652349327209246,-3.93821146815284,5.40373925413977e-06,0.000217230318016419
"593","ECB_00593",58.0058675454403,4.76282196845476,111.248913122426,23.3577727362585,4.54583080850817,0.00383212886732138,0.0497705106121956
"597","ECB_00597",57.8904062308001,92.7810275005909,22.9997849610092,0.247893190888221,-2.01220945075886,0.0473848927966239,0.31747878173738
"601","ECB_00601",74.9688216236917,141.129217991191,8.80842525619265,0.0624139025325179,-4.00198876836799,0.000538113271781024,0.0105156301860542
"611","ECB_00611",137.258994083014,225.488455780675,49.0295323853519,0.217436995679465,-2.2013306672064,0.0350679796212421,0.257497033106903
"612","ECB_00612",216.092495745469,32.1938880560311,399.991103434906,12.4244422649029,3.63510918532935,0.0108666675942523,0.110525792567082
"621","ECB_00621",12.6825822306595,25.3651644613191,0,0,-Inf,0.022431474405481,0.189745998928928
"622","ECB_00622",19.6820306656303,36.4862365558738,2.87782477538685,0.0788742563508803,-3.6643016917582,0.0165181976153628,0.149942606740745
"623","ECB_00623",240.505627877722,393.195774834819,87.8154809206252,0.223337804068511,-2.16270062014447,0.0341589879639468,0.252669013159892
"631","ECB_00631",118.602853101735,215.114919465269,22.0907867382018,0.102692954970836,-3.28359088282487,0.00111991994195178,0.0187698372661694
"632","ECB_00632",17.687515418707,33.7789193869844,1.59611145042962,0.0472517025232203,-4.40348987784723,0.0258555514013712,0.209073338055915
"637","ECB_00637",59.3596132410757,113.161341103495,5.55788537865604,0.0491147005192604,-4.34770128759767,0.000237656826646088,0.00536443564317186
"641","ECB_00641",110.890909152024,197.069287939254,24.7125303647936,0.125400211383578,-2.99538831483527,0.00256732947616676,0.0363084055339774
"645","ECB_00645",81.7708204478621,145.983107360016,17.5585335357079,0.120277844835882,-3.05555717214915,0.00436445584981857,0.0549921437077139
"672","ECB_00672",27.7278537122313,51.2378523474411,4.21785507702144,0.0823191231439678,-3.60262857492121,0.00964947122984481,0.101068034891253
"683","ECB_00683",112.301455387318,188.635162457089,35.967748317546,0.190673614871395,-2.39082287539929,0.00842055226451182,0.0916090935483004
"685","ECB_00685",224.614616706845,390.321324692794,58.9079087208957,0.15092157408325,-2.72812904251395,0.00088384126749201,0.0156751848322848
"686","ECB_00686",183.495051095383,328.540057442068,38.4500447486975,0.117033049327562,-3.09501210039425,0.000578651533199573,0.0111529137974219
"687","ECB_00687",155.107660043702,284.652108476481,25.5632116109237,0.0898051019110433,-3.47705878163816,5.84805336504311e-05,0.00163474392409583
"688","ECB_00688",105.909984779028,185.965173063746,25.8547964943105,0.139030314485003,-2.84652860914115,0.00682033970804009,0.0784431986584121
"692","ECB_00692",201.980177739049,331.046160731998,72.9141947461009,0.220253860020233,-2.18276079182227,0.0355574339635603,0.259219220656629
"693","ECB_00693",70.5319134061783,121.081313822175,19.9825129901821,0.165033830236838,-2.59916630246391,0.0227346625768693,0.19116137597005
"699","ECB_00699",11.2198405957514,22.4396811915028,0,0,-Inf,0.034962576289276,0.257497033106903
"700","ECB_00700",114.209117449626,205.616214110361,22.8020207888916,0.11089602484682,-3.17272044297264,0.00098986230168001,0.0171238064565218
"701","ECB_00701",177.80413376568,300.602508181031,55.0057593503288,0.182985031240002,-2.45020245861344,0.00387718158197221,0.0502011762500144
"706","ECB_00706",40.3336389356806,2.01893923559013,78.6483386357712,38.9552777267131,5.28374689517287,0.0103177678330726,0.106012446170762
"707","ECB_00707",189.616850247262,345.573297678096,33.6604028164265,0.0974045247204875,-3.359867398574,0.0268589830719289,0.213908995370966
"713","ECB_00713",36.3653602625049,65.7744878680418,6.956232656968,0.105758826597385,-3.24115001965686,0.0240438183591628,0.199388914133647
"758","ECB_00758",311.704891990172,60.9710765700354,562.438707410308,9.2246806035031,3.20549895998395,0.00481254322695624,0.0594283371443484
"764","ECB_00764",11.4561227068101,22.9122454136201,0,0,-Inf,0.032751705126297,0.244249023565547
"776","ECB_00776",42.2108864268954,78.2934082008673,6.12836465292346,0.078274337441036,-3.67531679815881,0.00546549312694571,0.0662926623242466
"777","ECB_00777",31.5410680198159,57.4659336842984,5.61620235533341,0.0977309859122317,-3.3550401441162,0.0260024922460387,0.209459007195667
"778","ECB_00778",342.740381101204,633.433957846228,52.046804356179,0.0821661101547919,-3.60531272035999,3.47576108504096e-05,0.00107451517073817
"787","ECB_00787",29.1987240397342,52.7812457241351,5.61620235533341,0.106405263427978,-3.2323585781307,0.0372120159495722,0.26849900738999
"793","ECB_00793",11.507643435289,23.015286870578,0,0,-Inf,0.0318871144109842,0.240349124872793
"794","ECB_00794",15.9594811960224,30.5789320904101,1.34003030163459,0.0438220111046599,-4.51220049494586,0.0389577848669474,0.2763816624418
"796","ECB_00796",21.9837715021554,42.3714315538812,1.59611145042962,0.0376695191051061,-4.73045857403938,0.00975694527804051,0.101438586252732
"797","ECB_00797",28.3007213122891,55.2614123229436,1.34003030163459,0.0242489333027458,-5.36593490444141,0.00262866460787886,0.0366960130674137
"805","ECB_00805",21.404275031223,41.4685197608114,1.34003030163459,0.0323143991963984,-4.95167902113378,0.0127060204451547,0.121891164315905
"868","ECB_00868",12.4979785190619,24.9959570381238,0,0,-Inf,0.0236689584063289,0.197054582708312
"888","ECB_00888",20.2458522857114,37.6138797960359,2.87782477538685,0.0765096499215735,-3.70821446790408,0.0143186978214951,0.133419919436051
"890","ECB_00890",24.4065915012586,47.2170715520875,1.59611145042962,0.0338036942564062,-4.88667526888391,0.00582400362941155,0.0696405646451733
"892","ECB_00892",35.071687719243,67.2655506630992,2.87782477538685,0.0427830404570757,-4.54681717579735,0.000741171547657111,0.0137818726989457
"893","ECB_00893",298.915333429882,570.438075891702,27.3925909680628,0.0480202709562173,-4.38021264572143,1.71188375029325e-06,8.11894529212111e-05
"894","ECB_00894",63.3056263959699,112.244942157091,14.3663106348487,0.127990717076075,-2.96588891680242,0.00905190832721793,0.0962420782095387
"895","ECB_00895",14.8180047618953,29.6360095237906,0,0,-Inf,0.0122239947168229,0.11971573480211
"896","ECB_00896",12.0505543209079,24.1011086418157,0,0,-Inf,0.0271409996700183,0.215747946529467
"897","ECB_00897",104.928116732241,173.912605970003,35.9436274944783,0.206676378023327,-2.27455458883357,0.0321554452086207,0.241509135632719
"907","ECB_00907",737.392978214481,1231.45755110976,243.3284053192,0.197593822945759,-2.33939024788792,0.0048537789628216,0.0597311982567638
"909","ECB_00909",38.4051757202467,73.8742096884291,2.93614175206422,0.0397451528002486,-4.65307726541423,0.00151446602743693,0.0235020628743061
"911","ECB_00911",131.880949384632,253.671760188114,10.0901385811499,0.039776357343314,-4.65194502731254,5.9102175596581e-06,0.000233149797376793
"912","ECB_00912",97.0150863562848,185.536145581849,8.49402713072026,0.0457809830213009,-4.44910774862141,3.48752850962164e-05,0.00107451517073817
"915","ECB_00915",1845.33317524346,3461.49249355697,229.173856929957,0.0662066600914284,-3.91687983682721,2.26711905225363e-06,9.86547373150779e-05
"918","ECB_00918",56.3402746398077,101.250380396831,11.4301688827845,0.112890132738131,-3.14700870330151,0.00667264916187185,0.0771650742801673
"928","ECB_00928",113.999647912369,212.549036037049,15.4502597876883,0.0726903310208151,-3.78209271443351,0.000254844121304431,0.00566156334750528
"929","ECB_00929",1496.16461455923,165.127367114197,2827.20186200426,17.121340401734,4.09772374728272,0.00244012803397172,0.0349145099369309
"932","ECB_00932",480.250516518459,867.546008323957,92.9550247129604,0.107147083637147,-3.22233551206361,0.000266811445021499,0.00586568286164452
"933","ECB_00933",17524.3179263813,33286.6008141979,1762.03503856474,0.0529352651056269,-4.23962703374248,3.65119745408618e-06,0.000152591133204929
"935","ECB_00935",14.3530084955435,28.706016991087,0,0,-Inf,0.0137535910380821,0.129874514030748
"952","ECB_00952",19.9617687733496,36.7313146458399,3.19222290085924,0.0869073958184828,-3.52437723417773,0.0436248242452462,0.299787580830458
"957","ECB_00957",1030.17997581136,135.201626185517,1925.1583254372,14.2391654579332,3.83179268887546,0.00404395423507799,0.0518830724202559
"970","ECB_00970",92.7943537522961,13.3604232288249,172.228284275767,12.8909302741389,3.68828447444878,0.0206835118312693,0.180448562852447
"971","ECB_00971",71.2646452685411,18.2567122434065,124.272578293676,6.80695278738137,2.76700910331933,0.0390116952268981,0.2763816624418
"1005","ECB_01005",243.064035094561,24.2192462310701,461.908823958051,19.0719735680907,4.25338223636578,0.0255260720163607,0.207202980732805
"1006","ECB_01006",50.2423629434474,2.12264590224277,98.362079984652,46.3393728933891,5.53416661535856,0.00257195291510525,0.0363084055339774
"1007","ECB_01007",57.641667654107,3.73402213380416,111.54931317441,29.8737686004997,4.90080734118355,0.0098990056421723,0.102662660480612
"1021","ECB_01021",29.1152803921335,58.230560784267,0,0,-Inf,0.0195510008640347,0.174102900099347
"1032","ECB_01032",28.3547935084586,53.8317622415303,2.87782477538685,0.053459605548017,-4.22540699708747,0.00259164311436745,0.03646441861915
"1046","ECB_01046",40.7463082501194,80.1525861986041,1.34003030163459,0.016718491132828,-5.90241154172283,0.000276775310514074,0.00599112095220464
"1066","ECB_01066",53.5374961022717,105.734961902909,1.34003030163459,0.0126734835622779,-6.302043056989,3.9602119045467e-05,0.00119400388922083
"1067","ECB_01067",15.4198623150298,30.8397246300596,0,0,-Inf,0.0102963043700486,0.106012446170762
"1068","ECB_01068",45.2297166789023,90.4594333578047,0,0,-Inf,1.93786162185413e-05,0.000659654347245669
"1069","ECB_01069",151.703479289288,303.406958578576,0,0,-Inf,2.58370515027314e-08,2.22567743659243e-06
"1070","ECB_01070",81.4338895333955,162.867779066791,0,0,-Inf,1.59280508906599e-07,1.03434312014577e-05
"1071","ECB_01071",167.022927650486,334.045855300972,0,0,-Inf,1.81430621464863e-10,3.32964631827473e-08
"1072","ECB_01072",477.711664947883,952.743269292496,2.68006060326919,0.00281299347856783,-8.4736780766411,2.3207241606765e-13,2.44894417055388e-10
"1073","ECB_01073",78.6144503354891,157.228900670978,0,0,-Inf,2.17256742967559e-07,1.29854704249418e-05
"1074","ECB_01074",193.871631974875,387.743263949749,0,0,-Inf,4.09314750012715e-11,9.59843088779817e-09
"1075","ECB_01075",44.4083166607957,88.8166333215914,0,0,-Inf,2.17334017568716e-05,0.000728068958855199
"1076","ECB_01076",91.5814699715796,177.605054564503,5.55788537865604,0.0312935090292574,-4.99799274866909,0.0166226483785843,0.150244537057825
"1077","ECB_01077",31.7675380675586,63.5350761351172,0,0,-Inf,0.00021977021295712,0.00506912605951914
"1078","ECB_01078",77.6355980421351,152.591135481001,2.68006060326919,0.0175636716695308,-5.83126171929164,9.2696204135777e-06,0.000328798888787491
"1079","ECB_01079",136.845501596294,272.094891742158,1.59611145042962,0.00586601034738325,-7.41340466871462,2.78639284293608e-06,0.000120013920306461
"1080","ECB_01080",154.211161050215,285.75974850698,22.6625735934513,0.0793063883624525,-3.65641910584278,0.00022168116558056,0.00508541412997577
"1084","ECB_01084",172.051262365802,339.314190380315,4.78833435128887,0.0141118010594309,-6.14695406196078,2.75911570358465e-08,2.30254336743265e-06
"1085","ECB_01085",61.7158601265048,119.213865175988,4.21785507702144,0.0353805748248736,-4.82089870222522,5.70327076310146e-05,0.00162658823588184
"1086","ECB_01086",49.5181549961708,96.3562493890723,2.68006060326919,0.0278140818085135,-5.16804070928364,0.000288377369074997,0.00617888768967292
"1087","ECB_01087",36.5971873026099,64.6420304978222,8.55234410739762,0.132303147681689,-2.91808070907771,0.041158800334033,0.28864699847051
"1088","ECB_01088",51.0271814490941,89.0863995416514,12.9679633565367,0.145566140547342,-2.78025327880987,0.0121396564580353,0.119166255603179
"1089","ECB_01089",164.992427449712,307.637987012427,22.3468678869968,0.0726401446843888,-3.78308911358805,8.61618993891854e-05,0.00228735457435064
"1099","ECB_01099",73.2365420263521,127.772284387479,18.7007996652249,0.146360376625288,-2.77240306164394,0.0181917526688669,0.163377421309121
"1105","ECB_01105",112.994891143297,211.7401056051,14.249676681494,0.0672979577523679,-3.89329346480891,0.0471100794439536,0.316659254927192
"1110","ECB_01110",35.1039992417369,65.6757452809799,4.53225320249384,0.0690095435248363,-3.85706029971182,0.00696436645192567,0.0792360937832298
"1121","ECB_01121",77.96046705195,146.91474467559,9.00618942831031,0.0613021480464562,-4.02791856248714,0.000195862527355723,0.00459297626649169
"1127","ECB_01127",18.2313102130949,36.4626204261897,0,0,-Inf,0.00479241832740185,0.0594283371443484
"1129","ECB_01129",27.6445292258116,52.3529166995589,2.93614175206422,0.0560836327212492,-4.15627638929937,0.00971207378685691,0.101438586252732
"1131","ECB_01131",28.179396535299,54.7626816201683,1.59611145042962,0.0291459695399905,-5.10055979611551,0.00266584550547256,0.0368933546539718
"1134","ECB_01134",1296.9110174608,2350.48224669087,243.339788230724,0.103527601016051,-3.27191264561285,9.10865945145103e-05,0.00238805289096738
"1150","ECB_01150",32.0917564102619,56.7734348426431,7.41007797788069,0.130520163143536,-2.93765539904872,0.0238914757895049,0.198515589187992
"1163","ECB_01163",615.17317424194,19.9522261353655,1210.39412234852,60.6646152733344,5.92278335510898,5.98713583570981e-05,0.00166261186595599
"1170","ECB_01170",9.59097494578455,0.34170303090393,18.8402468606652,55.1363176698369,5.78493101372512,0.0250626325154235,0.204442409327878
"1173","ECB_01173",31.6169529749391,58.9577338961794,4.27617205369881,0.0725294506947784,-3.78528926714501,0.0123278357385982,0.120051103013895
"1175","ECB_01175",37.0123387828986,69.7485055120984,4.27617205369881,0.0613084398339844,-4.02777049810167,0.00511320116201483,0.0625589046517815
"1178","ECB_01178",15.4440806849212,28.0103365944556,2.87782477538685,0.102741527781444,-3.2829086628455,0.0441387407356326,0.301960493752197
"1180","ECB_01180",3314.80497074838,41.9029133358051,6587.70702816096,157.213580243642,7.29658203398663,2.31417396371886e-07,1.35668448623018e-05
"1182","ECB_01182",123.598825676034,233.915289870059,13.2823614820091,0.0567827844404166,-4.13840259397261,4.21399595831652e-05,0.00125262513662352
"1190","ECB_01190",25.5140695839905,44.958091491735,6.07004767624609,0.135015688496519,-2.88880104019582,0.0341800536636575,0.252669013159892
"1217","ECB_01217",144.257324256472,280.020621382224,8.49402713072026,0.0303335771801107,-5.04294054754315,2.50294822217123e-05,0.000823729965762366
"1220","ECB_01220",22.8358168574412,45.6716337148824,0,0,-Inf,0.0015413348372146,0.0238314078677026
"1234","ECB_01234",21.4741449329852,40.0704650905836,2.87782477538685,0.0718191008984102,-3.79948859772348,0.0110131784042852,0.111746697222326
"1235","ECB_01235",41.3996527567103,82.7993055134205,0,0,-Inf,3.66927043558463e-05,0.00111424392148221
"1236","ECB_01236",30.8045077972932,61.6090155945864,0,0,-Inf,0.00027000079797942,0.00589615253007569
"1237","ECB_01237",23.6058184799353,42.9937818828491,4.21785507702144,0.0981038394927527,-3.3495465894285,0.0212607063053735,0.182759078028933
"1238","ECB_01238",38.9976794451488,73.521422664481,4.47393622581647,0.060852144363875,-4.03854808692415,0.00194813292079856,0.0291598193570593
"1245","ECB_01245",23.2304189293884,43.2686149579176,3.19222290085924,0.0737768681517527,-3.76068764224152,0.0226459724910827,0.190795708353014
"1246","ECB_01246",36.7571745710882,69.2964940651549,4.21785507702144,0.0608667889180031,-4.03820093262122,0.00197155255680743,0.0294060895487072
"1250","ECB_01250",74.805093054103,135.360509426712,14.249676681494,0.105272037921881,-3.2478058124512,0.00106499851023968,0.0180536494446654
"1260","ECB_01260",83.528190387381,0.861332859666904,166.195047915095,192.951013130239,7.59209080885023,1.94546549839215e-06,8.92588029207966e-05
"1263","ECB_01263",41.032437395673,80.7248444897114,1.34003030163459,0.0165999737764176,-5.91267522727856,0.000262217651562509,0.00579487281280289
"1264","ECB_01264",35.5493525154651,71.0987050309303,0,0,-Inf,0.0216045068951657,0.184669925061445
"1265","ECB_01265",128.592426666442,244.414654148466,12.7701991844191,0.0522480913794229,-4.2584778532077,3.02860643195073e-05,0.000961184041298047
"1273","ECB_01273",18.354838888625,33.8318530018632,2.87782477538685,0.0850625821538169,-3.55533153979619,0.0220524221757061,0.186914204826617
"1277","ECB_01277",31.3563080082098,61.1165045659899,1.59611145042962,0.0261158824733872,-5.25892873559666,0.0358523628120448,0.260469575610398
"1278","ECB_01278",24.4209238022316,48.8418476044632,0,0,-Inf,0.0244113220341827,0.200501649298144
"1281","ECB_01281",524.636682273808,97.290226886602,951.983137661015,9.78498219323316,3.29056922542974,0.0104158812494442,0.106453837176523
"1301","ECB_01301",231.304385292606,406.146346979894,56.4624236053181,0.139019897692477,-2.84663670655858,0.00104436109715181,0.017775194318862
"1339","ECB_01339",14.9574955977756,0.786841581618409,29.1281496139327,37.0190776573102,5.21019704531462,0.0403657294248073,0.283972906503519
"1347","ECB_01347",73.7572743903939,7.88291624872884,139.631632532059,17.7131949809279,4.14675255358428,0.00687330805066929,0.0788375904398779
"1383","ECB_01383",67.0956445385099,6.72387272052078,127.467416356499,18.957440400006,4.24469228214573,0.00332381967871577,0.0442581793812595
"1388","ECB_01388",77.8895638425191,14.3435441998899,141.435583485148,9.86057431232609,3.30167167636133,0.0149828018434947,0.138083857164609
"1437","ECB_01437",61.2528362370242,110.505024316997,12.0006481570519,0.108598212897783,-3.20292773267252,0.0111976474818809,0.112804940384294
"1492","ECB_01492",11.5385577224894,23.0771154449789,0,0,-Inf,0.0318456682352851,0.240349124872793
"1566","ECB_01566",48.9637320259647,9.50338496048069,88.4240790914486,9.30448250377686,3.21792591277811,0.0256721491451489,0.207988755358299
"1567","ECB_01567",58.5325546365473,6.96107744214989,110.104031830945,15.8170962391908,3.9834128637351,0.0153119076013704,0.140503395620401
"1571","ECB_01571",108.136775354509,185.29320849586,30.9803422131573,0.167196318012107,-2.58038501806763,0.00597492799974604,0.0710427354561353
"1572","ECB_01572",76.8949663772245,145.493669795847,8.2962629586026,0.0570214702140906,-4.13235095226608,0.000453650390924446,0.00907515782034164
"1573","ECB_01573",33.2062257956007,63.2202286903421,3.19222290085924,0.0504936942967261,-4.30775295586778,0.0036184837424044,0.0476740772870967
"1607","ECB_01607",43.3938224171419,75.8696382490893,10.9180065851944,0.143904819334307,-2.79681318652507,0.029118168743491,0.226767140712685
"1647","ECB_01647",96.3547029543518,3.88728813474892,188.822117773955,48.5742531113276,5.60211990766416,0.000774042458539647,0.0140829017995511
"1653","ECB_01653",63.6568111673923,8.24021239110356,119.073409943681,14.4502840815411,3.853025950174,0.0304128442204134,0.234666308786783
"1656","ECB_01656",48.7734815751689,96.2069328487031,1.34003030163459,0.0139286251204157,-6.16580333168129,7.87116122007037e-05,0.00211618926814758
"1682","ECB_01682",211.482116280429,393.405050868098,29.5591816927598,0.0751367620408884,-3.73433724425294,7.37096236238343e-05,0.00200727949236261
"1683","ECB_01683",19.3539682059078,38.7079364118157,0,0,-Inf,0.00362553395147075,0.0476740772870967
"1685","ECB_01685",196.771907401411,356.866140015569,36.6776747872537,0.102777121936123,-3.28240893680094,9.41939400531686e-05,0.002454275438052
"1687","ECB_01687",406.69920149183,641.154813053422,172.243589930238,0.268645865902415,-1.8962224578026,0.0298722287644294,0.230935306986551
"1688","ECB_01688",556.865111716697,1009.32090901458,104.409314418813,0.103445111942394,-3.27306261926969,0.000111367195907487,0.0028318128549729
"1698","ECB_01698",110.124300077707,193.742194168073,26.5064059873409,0.136812768644224,-2.86972521261638,0.0394076565744576,0.278625993971165
"1699","ECB_01699",12.3208711318094,0.30192700097488,24.3398152626438,80.6149009000651,6.33297462678832,0.0198433659665712,0.175595068647583
"1709","ECB_01709",20.2508862438891,36.2839174107567,4.21785507702144,0.116245857063136,-3.10474879458907,0.0415382523663794,0.290286362977628
"1730","ECB_01730",67.68141017543,131.144965273839,4.21785507702144,0.0321617766127301,-4.9585090867535,2.78727245207861e-05,0.000898097482459833
"1732","ECB_01732",11.4354882139048,22.8709764278097,0,0,-Inf,0.0325752234024592,0.243794358123724
"1733","ECB_01733",35.7904124392499,63.0867977477796,8.49402713072026,0.134640327833397,-2.89281750030948,0.026354408031713,0.211085306075637
"1735","ECB_01735",34.8911122993179,66.904399823249,2.87782477538685,0.0430139838783341,-4.53905043246693,0.000753291720301576,0.0138849098314103
"1748","ECB_01748",938.675197579596,1794.60083539975,82.7495597594379,0.0461102871051574,-4.43876754107331,2.18424164930317e-07,1.29854704249418e-05
"1784","ECB_01784",218.117648101818,45.1908050584183,391.044491145218,8.65318709502328,3.11323159625509,0.00741652395520888,0.0828178508331658
"1788","ECB_01788",72.4317417762237,124.368808264675,20.4946752877722,0.16478951252919,-2.60130366488792,0.019605385833958,0.174219649695025
"1793","ECB_01793",417.500013911687,722.750910928835,112.249116894538,0.155308163846217,-2.68679442722982,0.00236318992924667,0.0342784353654646
"1801","ECB_01801",66.314584723989,112.588339481119,20.0408299668595,0.178000937390327,-2.49004325614055,0.0434159871193969,0.29895412990371
"1820","ECB_01820",11.5271763379796,23.0543526759592,0,0,-Inf,0.031685479945107,0.23968532410089
"1823","ECB_01823",95.9305074810051,174.814643723892,17.0463712381179,0.0975111173469051,-3.35828947832884,0.0014738424594702,0.0230410704497174
"1835","ECB_01835",48.3693494750543,95.3986686484741,1.34003030163459,0.0140466352478393,-6.15363160328683,8.38700262725656e-05,0.00224060367656012
"1837","ECB_01837",116.599220741656,209.628177248036,23.5702642352767,0.112438435255714,-3.1527928131156,0.000844104543579152,0.0150973105018966
"1850","ECB_01850",108.127396068627,212.036937060233,4.21785507702144,0.0198920769913937,-5.65166226962402,5.34447501838527e-07,2.71795530754268e-05
"1851","ECB_01851",88.5224706185916,175.704910935549,1.34003030163459,0.00762659560566374,-7.03474508066552,6.58903976007739e-07,3.23399265433566e-05
"1869","ECB_01869",15.7693667834509,1.97955187414199,29.5591816927598,14.9322592041554,3.90036055212504,0.0374552724874779,0.268875348927966
"1870","ECB_01870",61.5855959178129,8.51209356010179,114.659098275524,13.4701407433958,3.75169301983297,0.0243666498107995,0.200501649298144
"1872","ECB_01872",17.0554183579981,34.1108367159963,0,0,-Inf,0.00659586147183391,0.0767079779622967
"1874","ECB_01874",15.3674131266277,0.324963314365554,30.4098629388899,93.5793721770132,6.54811864459277,0.0112778401687743,0.113119345516613
"1894","ECB_01894",26.8442237692135,50.4962246375678,3.19222290085924,0.0632170607559504,-3.98354223032148,0.011310336943996,0.113119345516613
"1903","ECB_01903",13.2000668767047,0.230939133626428,26.1691946197829,113.316414627738,6.82421304993366,0.0307215879863962,0.236203684682292
"1916","ECB_01916",33.9214383880337,60.7471969236591,7.09567985240829,0.11680670404143,-3.09780501579132,0.0135069569885327,0.128522369044785
"1921","ECB_01921",79.455801195343,157.315490940256,1.59611145042962,0.0101459267672233,-6.62295553745393,6.33994515029377e-06,0.000245512921829266
"1922","ECB_01922",187.774838100431,372.613534448798,2.93614175206422,0.00787985803147922,-6.9876146472553,3.05791006372933e-09,3.39669431026355e-07
"1923","ECB_01923",47.7512119234482,95.5024238468965,0,0,-Inf,0.000130798331992839,0.00322865356340218
"1924","ECB_01924",146.547478241342,286.197040802393,6.89791568029063,0.0241019811419132,-5.37470445136342,3.81028431116566e-07,2.01040125967878e-05
"1925","ECB_01925",66.3077233412007,132.615446682401,0,0,-Inf,9.39448654542923e-07,4.55794571359273e-05
"1926","ECB_01926",44.2585485555811,87.1770668095277,1.34003030163459,0.0153713625690391,-6.02361113375927,0.000158120080687066,0.00385794717098327
"1927","ECB_01927",29.2502218134975,58.500443626995,0,0,-Inf,0.000371435388525939,0.00770051020473751
"1928","ECB_01928",91.6622333155293,172.919929924436,10.4045367066223,0.0601696791756099,-4.05481952542827,0.000237470254198309,0.00536443564317186
"1931","ECB_01931",153.918612876352,283.49741049006,24.3398152626438,0.0858555117684127,-3.54194543416462,9.88277813356808e-05,0.00255921512280926
"1942","ECB_01942",16.850334297171,32.3606382927074,1.34003030163459,0.0414092666996798,-4.59390253495639,0.031470155339537,0.238912815985945
"1943","ECB_01943",13.2305804512934,26.4611609025867,0,0,-Inf,0.0191549775325055,0.17166276043462
"1970","ECB_01970",41.5054767532294,73.432977222899,9.57797628355982,0.130431539694854,-2.93863532455559,0.0217438883571518,0.184669925061445
"2031","ECB_02031",18.6225605495614,35.9050907974882,1.34003030163459,0.0373214569820371,-4.74385088151298,0.0207205425222734,0.180448562852447
"2037","ECB_02037",13.8093260007771,0.401011963523611,27.2176400380307,67.8723891399019,6.08475289244728,0.020448614134327,0.179446154388762
"2043","ECB_02043",61.3715010116112,103.588357037085,19.1546449861376,0.184911176641986,-2.43509566625856,0.035113243326194,0.257497033106903
"2044","ECB_02044",36.5198906158781,64.6040710777134,8.43571015404289,0.130575519674223,-2.9370436494201,0.0123198984569284,0.120051103013895
"2063","ECB_02063",104.956206324631,173.513632252888,36.3987803963731,0.209774759042123,-2.2530869975035,0.0259161718510167,0.209162832472546
"2065","ECB_02065",51.3480378139633,3.93977488002139,98.7563007479052,25.0664831761577,4.64768769535837,0.00760688679648481,0.0847194437149403
"2081","ECB_02081",21.1616910891584,42.3233821783167,0,0,-Inf,0.00229730256250858,0.0334376348839612
"2082","ECB_02082",485.064673688257,957.103067043301,13.0262803332141,0.0136101124129245,-6.19917720692261,0.000180296346536109,0.00436568531223991
"2111","ECB_02111",217.40857459527,19.373556123296,415.443593067244,21.4438480175401,4.42249191009039,0.00124956628265172,0.0206032003088786
"2115","ECB_02115",84.4321409800894,154.102442981095,14.761838979084,0.0957923748223445,-3.38394536934371,0.000443461112643633,0.008956217016597
"2145","ECB_02145",27.5021715617203,49.4464577447846,5.55788537865604,0.112402093742342,-3.15325918563136,0.0243505472453211,0.200501649298144
"2157","ECB_02157",193.890346004256,381.652327355589,6.12836465292346,0.0160574539015286,-5.96061303507896,2.78203534089233e-08,2.30254336743265e-06
"2160","ECB_02160",34.7154698003055,66.5531148252242,2.87782477538685,0.0432410230977819,-4.53145553162736,0.000858006891122689,0.0152812113393623
"2167","ECB_02167",91.5316169593996,0.707999746308096,182.355234172491,257.563982364955,8.00878705148619,2.56549315523336e-07,1.48341734359452e-05
"2168","ECB_02168",43.1479576149081,1.49639869903607,84.7995165307802,56.6690659283554,5.82448951770474,0.000575749289964008,0.0111478796006334
"2169","ECB_02169",17.3399198385741,0.38933302879484,34.2905066483534,88.0750003525205,6.46066067038199,0.00265546487685669,0.0368707804118819
"2201","ECB_02201",36.0312992341903,67.5886622425642,4.47393622581647,0.0661935904243862,-3.91716466323525,0.0022440279137274,0.0327752312243715
"2202","ECB_02202",72.3350222949967,140.1377913875,4.53225320249384,0.0323414059663718,-4.95047379183445,5.44069764232989e-05,0.00156225746586901
"2203","ECB_02203",88.140172517287,162.17011554852,14.1102294860537,0.0870088144065727,-3.52269462954315,0.00103460028539852,0.0176803554844824
"2206","ECB_02206",17.2503039024341,32.9044963544386,1.59611145042962,0.0485073964736226,-4.36565144160443,0.0290140790603967,0.226374173223539
"2207","ECB_02207",32.0240398050831,56.6963186089629,7.35176100120332,0.129669106946939,-2.94709328964806,0.0114798503274192,0.113879461469939
"2208","ECB_02208",146.912722007523,276.06914630722,17.7562977078256,0.0643182983152551,-3.95862695248392,3.25326721643289e-05,0.00102253335468218
"2209","ECB_02209",65.3340828502502,124.539801047577,6.12836465292346,0.0492080812830453,-4.3449609256416,0.000310458113642256,0.00653131364561183
"2210","ECB_02210",23.2992560327682,45.0024006151068,1.59611145042962,0.0354672512713428,-4.81736866471351,0.00737302066096219,0.0825504514852026
"2211","ECB_02211",77.4265609605581,130.117778314237,24.7353436068791,0.190099646084817,-2.39517224881439,0.00619595496575484,0.0728499328981927
"2212","ECB_02212",21.7925547519257,43.5851095038513,0,0,-Inf,0.00198120212437848,0.029445965376766
"2220","ECB_02220",186.174388022245,34.9345102133741,337.414265831116,9.65847993202841,3.27179615313103,0.0176195450262872,0.158575905236585
"2222","ECB_02222",114.42269203319,217.415215183596,11.4301688827845,0.0525729943653312,-4.24953428189581,4.11071370597358e-05,0.00123059025197975
"2231","ECB_02231",12.3993074296065,24.798614859213,0,0,-Inf,0.024415505268715,0.200501649298144
"2235","ECB_02235",274.948234604715,498.559591322959,51.3368778864713,0.102970394672873,-3.27969849144092,0.000270991137369032,0.00589615253007569
"2244","ECB_02244",16.1593188610381,30.9786074204415,1.34003030163459,0.0432566346010235,-4.53093476287705,0.0370627819745666,0.268339627297848
"2251","ECB_02251",29.8502195281827,57.0203784530962,2.68006060326919,0.0470018031443574,-4.41114008537758,0.0308529116252513,0.236782072673065
"2254","ECB_02254",28.5014987687107,54.1251727620345,2.87782477538685,0.0531698030422818,-4.23324906754147,0.00252184993556104,0.0358408369629736
"2255","ECB_02255",16.0592521584555,32.1185043169109,0,0,-Inf,0.00862566013364391,0.093356183138746
"2269","ECB_02269",13.4428982154474,0.833235764466626,26.0525606664282,31.2667335914284,4.96655660492131,0.0272381230868562,0.216113002912819
"2301","ECB_02301",154.18061586479,20.8805566619362,287.480675067644,13.7678645125252,3.78323290010402,0.0229760542084278,0.192807007582055
"2302","ECB_02302",26.6701727159902,48.8080922294865,4.53225320249384,0.0928586428083285,-3.42881999467677,0.0279557703867272,0.219741725888968
"2311","ECB_02311",18.2968782904095,36.5937565808189,0,0,-Inf,0.0047431921688227,0.0594095375210701
"2314","ECB_02314",179.384907558251,350.275787985782,8.49402713072026,0.0242495411388955,-5.36589874156375,0.00321503343299836,0.043081448002178
"2316","ECB_02316",372.408977153974,653.273967365806,91.5439869421422,0.140131080549979,-2.83515111925917,0.000467712391126376,0.00931233020256808
"2320","ECB_02320",12.3139075507894,24.6278151015787,0,0,-Inf,0.0250581355303786,0.204442409327878
"2321","ECB_02321",22.0876118535144,44.1752237070289,0,0,-Inf,0.00184010214311289,0.0277395398074268
"2322","ECB_02322",107.605410609546,206.775111065049,8.43571015404289,0.0407965451479754,-4.61540920691433,4.9678642145903e-05,0.00145620519790178
"2323","ECB_02323",16.6356344942004,31.9312386867663,1.34003030163459,0.041966123355871,-4.57463099015757,0.0332236654377261,0.246896288402538
"2324","ECB_02324",38.6592804753662,72.844624724916,4.47393622581647,0.061417520410208,-4.02520592174794,0.00146260888598922,0.0230360899543302
"2325","ECB_02325",103.442987761953,199.161499420552,7.72447610335308,0.038784986685815,-4.68835788338048,0.00701327290766764,0.0795780240410353
"2368","ECB_02368",32.5486269989691,59.3416044471645,5.7556495507737,0.0969918087721795,-3.36599327693629,0.00402891759606043,0.0518477474785703
"2369","ECB_02369",130.903371063192,239.890906318214,21.9158358081697,0.0913575097302707,-3.45233286425736,0.000517073493348145,0.0101514754205699
"2370","ECB_02370",92.8079474770353,173.731880750373,11.8840142036972,0.0684043374904385,-3.86976838107374,0.000107651279645638,0.00275391546293477
"2372","ECB_02372",63.6218721835718,108.542944701919,18.7007996652249,0.172289407815322,-2.53709408608153,0.0397086008840298,0.279873854806234
"2390","ECB_02390",33.0567399806842,59.4133284531955,6.70015150817297,0.112771859153644,-3.14852098924741,0.0385087835687649,0.275034814625645
"2399","ECB_02399",103.472615250648,201.585109294758,5.36012120653838,0.0265898668075766,-5.23297963922563,8.22043990578178e-06,0.000296568178139358
"2400","ECB_02400",12.8503719604746,25.7007439209491,0,0,-Inf,0.0212619539684124,0.182759078028933
"2403","ECB_02403",55.060926768983,104.05180586172,6.07004767624609,0.0583367835471583,-4.09945034567931,0.000408510523341075,0.00837049960690619
"2406","ECB_02406",65.7233092016005,124.292621574115,7.15399682908566,0.0575576952073519,-4.11884736662453,0.000295369473576425,0.00629674014124288
"2415","ECB_02415",43.0451495735842,83.4102385438992,2.68006060326919,0.0321310746744677,-4.95988695494745,0.000736353494233217,0.0137528676953912
"2418","ECB_02418",29.7882059134053,56.3841889259514,3.19222290085924,0.05661556832983,-4.14265736527149,0.00662866564105981,0.0768670265684436
"2443","ECB_02443",468.93405537617,914.612244642535,23.2558661098043,0.0254270224852429,-5.29749365803673,2.14314243144549e-09,2.44492005490038e-07
"2444","ECB_02444",178.312412478058,3.40938037550548,353.21544458061,103.601066961689,6.69489505083404,7.37780522478343e-06,0.000278051034409026
"2449","ECB_02449",111.602036703967,215.991759602171,7.21231380576303,0.0333916155831462,-4.90437029291736,0.00481508915028836,0.0594283371443484
"2462","ECB_02462",44.6728814391036,85.0695908245084,4.27617205369881,0.0502667523406831,-4.31425170808868,0.0016481070645412,0.0252052895631464
"2463","ECB_02463",48.9217939571125,94.9074461621608,2.93614175206422,0.0309368955840142,-5.01452775543938,0.000311014935505325,0.00653131364561183
"2482","ECB_02482",178.184870143005,278.364195974672,78.005544311338,0.28022836786968,-1.83532508589474,0.0327061666140109,0.244249023565547
"2485","ECB_02485",32.4199080799595,54.5519134066514,10.2879027532675,0.188589219164092,-2.40668088919808,0.0421975637785791,0.293436436094534
"2486","ECB_02486",1900.66115542729,630.583534810612,3170.73877604397,5.02826128658158,2.33005961934102,0.0411669019377511,0.28864699847051
"2488","ECB_02488",121.117381285239,210.170471204481,32.0642913659969,0.152563255828649,-2.71252055746566,0.00369787712394721,0.0483242704030376
"2489","ECB_02489",76.0380911774853,147.858327277949,4.21785507702144,0.0285263275641728,-5.13156216125617,1.10876318970617e-05,0.000390007451979146
"2491","ECB_02491",12.5925496570646,0.135357581777738,25.0497417323515,185.063454912219,7.53187621938461,0.0146371381992596,0.135489825304989
"2495","ECB_02495",202.543252161706,392.118540966876,12.9679633565367,0.0330715383275697,-4.91826603550851,2.02297830521258e-06,9.08403343223649e-05
"2496","ECB_02496",230.240476168786,457.800891734303,2.68006060326919,0.00585420572929909,-7.41631083863795,3.73711838461379e-06,0.000154650751975047
"2497","ECB_02497",195.06716518072,384.320363833989,5.81396652745107,0.0151279169010219,-6.0466428462034,8.28209280975154e-09,7.95017069799071e-07
"2498","ECB_02498",20.6371851126387,41.2743702252773,0,0,-Inf,0.00262000599868957,0.0366960130674137
"2502","ECB_02502",34.8568812967324,65.1815093909709,4.53225320249384,0.069532805313061,-3.84616239328949,0.00729057090608128,0.0818444143472582
"2528","ECB_02528",44.2114461444728,3.62337575816549,84.7995165307802,23.4034563872321,4.54864970779345,0.0028857043659871,0.0392921229962307
"2542","ECB_02542",101.387929668593,182.712216128241,20.063643208945,0.109810080760352,-3.18691759249881,0.000616051792823926,0.0117663104864696
"2543","ECB_02543",72.370853842387,130.829242370838,13.912465313936,0.106340639614046,-3.23323504585503,0.00617501874013694,0.0728499328981927
"2547","ECB_02547",228.261489574883,446.176759419821,10.3462197299449,0.0231886119380096,-5.4304397264137,3.93912038640601e-08,3.02309584563995e-06
"2565","ECB_02565",16.5258650652788,0.731357615765638,32.3203725147919,44.1922963787786,5.4657229951653,0.011363879446928,0.113129564022366
"2582","ECB_02582",30.9253525132844,0.914345195434287,60.9363598311346,66.6448078203021,6.05842057674791,0.00133081798047753,0.0214403919679223
"2586","ECB_02586",72.1191246352661,3.40995637522516,140.828292895307,41.2991479652017,5.3680401128745,0.000658373833655015,0.0123510931193681
"2600","ECB_02600",67.0982641362192,131.260386520374,2.93614175206422,0.0223688336588013,-5.48236615548458,3.02105489432082e-05,0.000961184041298047
"2601","ECB_02601",274.795214787565,539.185892868508,10.4045367066223,0.0192967524637364,-5.69549811941544,1.49214187481204e-08,1.36920235947427e-06
"2602","ECB_02602",172.967902095385,338.723490385007,7.21231380576303,0.0212926295650922,-5.55350206120309,4.93196689545205e-05,0.00145579246613308
"2607","ECB_02607",245.106065536763,485.679877871031,4.53225320249384,0.00933177059416356,-6.74363344312766,8.81618378359941e-10,1.09450328678156e-07
"2608","ECB_02608",243.181609758942,486.363219517884,0,0,-Inf,4.13047922360073e-12,1.34113483098605e-09
"2609","ECB_02609",186.809042214589,373.618084429179,0,0,-Inf,1.41991549480745e-08,1.33188073412939e-06
"2624","ECB_02624",683.098751656795,1254.69250904237,111.504994271221,0.0888703753849028,-3.49215360770494,0.00011240272770147,0.00284102942292158
"2667","ECB_02667",20.1122822971793,37.0323416934993,3.19222290085924,0.0862009463857266,-3.53615248126662,0.0425470859448819,0.295380345021952
"2675","ECB_02675",13.0784998561665,26.156999712333,0,0,-Inf,0.019964825888955,0.176300272128199
"2682","ECB_02682",122.250766393633,224.379572601643,20.1219601856224,0.0896782178177438,-3.4790985821382,0.000241946735848303,0.00543221900008344
"2722","ECB_02722",87.5386239170892,172.397187230909,2.68006060326919,0.015545848782785,-6.00732680170397,3.37494819109369e-06,0.000142456563146065
"2735","ECB_02735",95.5563443643048,188.234863953223,2.87782477538685,0.0152884790572165,-6.03141129947582,3.3196599952316e-07,1.79644677434264e-05
"2736","ECB_02736",35.3409675109576,70.6819350219151,0,0,-Inf,0.00868387353794639,0.0935067097032441
"2737","ECB_02737",23.7287687932631,46.1175072848917,1.34003030163459,0.0290568675656413,-5.10497700611218,0.00669670164027252,0.0772316328513397
"2738","ECB_02738",10.1004193224407,20.2008386448813,0,0,-Inf,0.0494314336837359,0.328582805636298
"2739","ECB_02739",16.1345905830657,32.2691811661315,0,0,-Inf,0.00844253432605753,0.0916090935483004
"2740","ECB_02740",37.7023576888056,66.7129240747733,8.69179130283792,0.130286468827179,-2.94024083730216,0.010347578256895,0.106012446170762
"2744","ECB_02744",206.649996582884,402.697692287028,10.6023008787399,0.0263281888170917,-5.24724791162945,3.65679158983207e-05,0.00111424392148221
"2755","ECB_02755",115.910971712748,209.731156687295,22.0907867382018,0.105329065490917,-3.24702449277415,0.00130502169274165,0.0213321658896547
"2756","ECB_02756",571.45026574506,1106.30267934065,36.5978521494728,0.0330812288832972,-4.91784336182815,1.69707061260524e-08,1.524113841661e-06
"2757","ECB_02757",378.845974972672,665.598989390037,92.0929605553061,0.138361028221664,-2.85349045472257,0.00156208871238291,0.0240641476458695
"2765","ECB_02765",116.442651615333,194.201990575259,38.683312655407,0.199191123328965,-2.32777473771543,0.0323838656883425,0.242792712380984
"2784","ECB_02784",20.7660025528633,41.5320051057266,0,0,-Inf,0.00252112144133123,0.0358408369629736
"2818","ECB_02818",20.7543801312535,41.508760262507,0,0,-Inf,0.045421532730051,0.308734765947738
"2877","ECB_02877",24.8975037799425,48.1988961094554,1.59611145042962,0.0331151038564243,-4.91636680691992,0.00529202017527464,0.0643735364836722
"2894","ECB_02894",58.0039796793252,0.988836473482781,115.019122885168,116.317637920513,6.86192606742064,0.0111124379066873,0.112214355033797
"2907","ECB_02907",61.891833718151,112.411815530195,11.3718519061071,0.101162425430737,-3.305254562867,0.00203220399399807,0.030098010732161
"2919","ECB_02919",541.325770089005,12.3453685873183,1070.30617159069,86.6969798447458,6.43790983183044,0.0138663126423099,0.130646664426764
"2923","ECB_02923",28.7524531422747,52.9726530820556,4.53225320249384,0.0855583577336271,-3.54694739909377,0.0197758208886342,0.175364999938918
"2926","ECB_02926",17.245251150913,33.1504720001913,1.34003030163459,0.0404226613010777,-4.62869188241938,0.0288175879297525,0.225257478984232
"2942","ECB_02942",114.113211147227,8.48978687163406,219.736635422819,25.88246781047,4.69390327513084,0.00146821280569321,0.0230383875569927
"3014","ECB_03014",14.3851306959884,28.7702613919768,0,0,-Inf,0.0137193756350353,0.129841893622161
"3016","ECB_03016",15.0969038010742,30.1938076021483,0,0,-Inf,0.0112894442295302,0.113119345516613
"3017","ECB_03017",87.4349741140921,170.593776174485,4.27617205369881,0.0250664013048465,-5.31810130139384,1.19516869193476e-05,0.000416926202368314
"3027","ECB_03027",33.6609647242041,65.7258179979785,1.59611145042962,0.0242843908078666,-5.36382689404489,0.000941123636399398,0.0164833314076426
"3028","ECB_03028",36.6836161002847,64.9315220465264,8.43571015404289,0.129917024707942,-2.94433759672399,0.0123720042196267,0.120051103013895
"3029","ECB_03029",221.138606714436,411.099107043596,31.178106385275,0.0758408516367043,-3.72088102504869,0.00263418430690035,0.0366960130674137
"3031","ECB_03031",817.29182997393,1495.19541807209,139.38824187577,0.0932240964565675,-3.42315328054809,0.000181052214536896,0.00436568531223991
"3032","ECB_03032",156.033802177405,289.837370421168,22.2302339336421,0.0766989912354604,-3.70464858661195,0.011108048423701,0.112214355033797
"3033","ECB_03033",27.7832896478857,49.950376940438,5.61620235533341,0.112435635111028,-3.15282874215665,0.0468049141350746,0.315596713361262
"3035","ECB_03035",496.887335481883,916.422043726439,77.3526272373256,0.0844072092840404,-3.56648996389735,1.59678262883875e-05,0.000552460612813799
"3036","ECB_03036",149.827529846119,258.072416600341,41.5826430918973,0.161127809161773,-2.63372258360265,0.00334610151465468,0.0442755313271392
"3038","ECB_03038",31.2680173397178,55.3237208736725,7.21231380576303,0.130365667599108,-2.93936411570234,0.0496122910368216,0.329266478720792
"3041","ECB_03041",41.6526111626652,71.6772892704282,11.6279330549021,0.162226183122406,-2.62392140719208,0.0217012640429151,0.184669925061445
"3045","ECB_03045",20.2336572826861,39.1272842637376,1.34003030163459,0.0342479762357673,-4.86783745019455,0.0144062590118682,0.133940130592722
"3046","ECB_03046",11.5803494517804,23.1606989035609,0,0,-Inf,0.0311952130323221,0.238434669057368
"3050","ECB_03050",58.8761961775952,111.624027702267,6.12836465292346,0.054901841288773,-4.18700165486782,0.000651464935755263,0.0122760423831382
"3051","ECB_03051",119.380511483624,232.060871459075,6.70015150817297,0.0288723879473778,-5.11416575634805,6.18976625430473e-06,0.00024191669777241
"3054","ECB_03054",42.6953091511009,84.0505880005673,1.34003030163459,0.0159431401196807,-5.97092038297268,0.000200313631339617,0.00465851037546151
"3055","ECB_03055",10.2646119759363,20.5292239518725,0,0,-Inf,0.0467093691137299,0.315596713361262
"3056","ECB_03056",25.3064177921108,47.6766938321575,2.93614175206422,0.0615844245073013,-4.02129066884479,0.0152640315218913,0.140369231054255
"3057","ECB_03057",28.4261127237674,52.5760533938361,4.27617205369881,0.0813330742356584,-3.62001404371617,0.0209391973920198,0.180745096506576
"3059","ECB_03059",20.574237322276,36.9306195675305,4.21785507702144,0.11421024413925,-3.13023603520182,0.0384806944578742,0.275034814625645
"3066","ECB_03066",38.9827693073944,65.5097375558421,12.4558010589467,0.190136635005278,-2.39489156159469,0.0491770868216962,0.327407702640977
"3067","ECB_03067",71.7590364392056,141.921961427982,1.59611145042962,0.0112464021379776,-6.47439265036621,3.92155850260262e-06,0.000160707751839667
"3068","ECB_03068",28.1252404310888,53.3143391101133,2.93614175206422,0.0550722713827518,-4.18253007801637,0.0089668044015606,0.0955779832802709
"3069","ECB_03069",10.6473495090669,21.2946990181338,0,0,-Inf,0.0418619771333655,0.29158317735963
"3070","ECB_03070",35.538064132116,62.3843369613941,8.69179130283792,0.139326499666362,-2.84345841267479,0.0143132718350047,0.133419919436051
"3072","ECB_03072",164.737788476204,274.667581774197,54.8079951782111,0.199543006947462,-2.32522837489059,0.00795948801226855,0.0877206237592312
"3077","ECB_03077",439.609272078513,871.750149202468,7.46839495455806,0.00856712781912411,-6.86697267141247,2.3218664694747e-11,6.53373224510179e-09
"3078","ECB_03078",447.574756284192,886.853249609781,8.2962629586026,0.00935471901608636,-6.74008996419301,6.45048253947541e-07,3.20323374107361e-05
"3084","ECB_03084",22.2907960010443,2.42716205494186,42.1544299471468,17.3677855013091,4.11834190823607,0.0430226052366193,0.297278319387138
"3089","ECB_03089",61.6662365612672,114.267966717547,9.06450640498768,0.0793267497915123,-3.65604875027606,0.00209561753224264,0.0309286769356509
"3090","ECB_03090",193.891546355837,376.411240805567,11.3718519061071,0.0302112441747753,-5.04877059068679,1.83954483881734e-07,1.17630657250045e-05
"3091","ECB_03091",165.337928033342,320.783481657651,9.89237440903222,0.0308381664726416,-5.01913919947195,1.73847610645816e-06,8.15345293928879e-05
"3096","ECB_03096",86.088344219109,154.104685023938,18.0720034142801,0.117270953906903,-3.09208236919006,0.00573990653595672,0.069223272823638
"3099","ECB_03099",26.6324350452805,2.49847147835718,50.7663986122039,20.3189826467758,4.3447562643599,0.0139073421716344,0.130741406027771
"3106","ECB_03106",22.7199230370551,44.0998157724756,1.34003030163459,0.0303863015788596,-5.04043509959823,0.00838911136286766,0.0916090935483004
"3109","ECB_03109",11.3804627261329,22.7609254522658,0,0,-Inf,0.0330961952252808,0.24638278667709
"3110","ECB_03110",15.0435821567849,30.0871643135698,0,0,-Inf,0.0113360538150977,0.113119345516613
"3113","ECB_03113",44.1584151943851,81.4189147084796,6.89791568029063,0.0847212924047025,-3.56113159228072,0.00416331432343296,0.0529317763831642
"3114","ECB_03114",142.447865235491,258.410830144745,26.4849003262374,0.102491448641693,-3.28642455117494,0.00159365336233958,0.0244611303361286
"3118","ECB_03118",74.0026854723475,145.069229192631,2.93614175206422,0.0202395902177535,-5.62667610907054,0.0011205872994728,0.0187698372661694
"3119","ECB_03119",26.1408237283971,50.6855360063647,1.59611145042962,0.0314904719608607,-4.988940809866,0.0084271435662095,0.0916090935483004
"3137","ECB_03137",269.043711384504,73.0565085346508,465.030914234357,6.36535913858779,2.67024191441615,0.0369297252064421,0.267835687450846
"3145","ECB_03145",457.441113887686,904.792089194221,10.0901385811499,0.0111518863854522,-6.48656842144532,3.99730831128343e-11,9.59843088779817e-09
"3146","ECB_03146",1819.96505183856,3597.26220385141,42.6678998257189,0.0118612148372272,-6.39760441008587,7.03486337379711e-08,5.30197896022013e-06
"3147","ECB_03147",786.791562062406,1561.06900608919,12.514118035624,0.00801637723048168,-6.96283388494384,1.90536116096606e-08,1.67552697092453e-06
"3148","ECB_03148",687.873113706277,1349.18019686755,26.5660305450003,0.0196904984276228,-5.66635655898429,3.57554339064225e-10,5.80475717380805e-08
"3149","ECB_03149",279.958911455745,538.455832424233,21.461990487257,0.0398584047100593,-4.64897222076543,3.11539089627934e-07,1.70780064586949e-05
"3150","ECB_03150",33.715145642002,64.4941495319398,2.93614175206422,0.0455257069574991,-4.45717476914243,0.00333644721427353,0.0442755313271392
"3151","ECB_03151",943.838399440447,1797.47284224039,90.2039566405076,0.0501837660746388,-4.31663544694061,1.05961117913873e-07,7.45436464524095e-06
"3152","ECB_03152",416.571786215316,817.181150345354,15.9624220852783,0.0195335172360894,-5.6779044432027,2.10700151978917e-09,2.44492005490038e-07
"3153","ECB_03153",44.5821144983611,89.1642289967223,0,0,-Inf,2.1370863808404e-05,0.000721651329082185
"3154","ECB_03154",244.22925326515,470.504444650357,17.9540618799433,0.0381591759314524,-4.71182617389367,1.94119039678011e-07,1.19273831978296e-05
"3155","ECB_03155",328.169952262084,645.026369594738,11.3135349294297,0.0175396471566548,-5.83323646425345,4.44625338671502e-10,6.47159846390486e-08
"3156","ECB_03156",327.051535766899,638.711128722786,15.3919428110109,0.0240984415627605,-5.37491633885373,1.49978125977963e-07,1.0210607576661e-05
"3157","ECB_03157",686.536806575392,1357.73998731645,15.3336258343335,0.0112934921101058,-6.46836453263344,0.000476379820457543,0.00939625804743593
"3158","ECB_03158",142.825903570294,279.837840613137,5.81396652745107,0.0207761985109391,-5.58892448602027,3.27036254162743e-05,0.00102253335468218
"3159","ECB_03159",1474.48150976857,2915.95422621375,33.0087933233962,0.0113200656672368,-6.46497386256588,1.89932672454286e-06,8.80995396076417e-05
"3160","ECB_03160",263.829661751663,522.043121147993,5.61620235533341,0.0107581196415023,-6.53843025137302,2.7968893493467e-07,1.5533776241569e-05
"3161","ECB_03161",529.794895951463,1043.88345096644,15.7063409364833,0.0150460675681199,-6.05446971550023,4.73983149642079e-07,2.43985716419416e-05
"3162","ECB_03162",696.302851078114,1347.85234182458,44.7533603316531,0.0332034592684469,-4.91252263466486,3.11649214821347e-08,2.52975256877097e-06
"3163","ECB_03163",352.138343891262,680.332400864116,23.9442869184085,0.0351949824644482,-4.8284864225493,1.58863171058306e-07,1.03434312014577e-05
"3164","ECB_03164",769.548397849474,1457.72896998237,81.3678257165784,0.0558182127076493,-4.16312025955011,7.59226305216116e-05,0.00205429117584438
"3165","ECB_03165",1129.43163365416,2242.13129419567,16.7319731126455,0.00746253047533856,-7.06611936662233,8.20004673912989e-14,1.15374657619558e-10
"3166","ECB_03166",1233.41971969712,2442.83683549915,24.0026038950859,0.00982570900613646,-6.66922277116041,9.49924739535133e-13,4.45514702841977e-10
"3167","ECB_03167",157.558972828127,312.181803904191,2.93614175206422,0.00940523027077301,-6.73232101859193,6.92191996146344e-06,0.000263220037453488
"3168","ECB_03168",419.954328200783,837.228595798296,2.68006060326919,0.00320110972883547,-8.28721215369127,8.9007510302855e-13,4.45514702841977e-10
"3169","ECB_03169",788.500876584571,1568.50772603842,8.49402713072026,0.0054153556209593,-7.52872820338468,0.0236251750555343,0.197054582708312
"3170","ECB_03170",725.451375967941,1435.11528078064,15.7874711552462,0.0110008383066332,-6.50624272286661,8.45183748672282e-13,4.45514702841977e-10
"3171","ECB_03171",639.018719892296,1263.61281217307,14.4246276115261,0.0114153856882154,-6.45287658548363,4.74813653794019e-09,4.88826446991354e-07
"3172","ECB_03172",392.540894448702,778.125556240435,6.956232656968,0.00893973035736995,-6.80555296756578,7.15974415381538e-08,5.30197896022013e-06
"3187","ECB_03187",114.219506139369,6.09109387718413,222.347918401555,36.503774672464,5.18997374846026,0.0351991916850706,0.257497033106903
"3188","ECB_03188",128.975437376977,4.7620613346822,253.188813419272,53.1679026423477,5.73248365126176,0.0207338433981134,0.180448562852447
"3190","ECB_03190",2668.56311825496,5227.15772913147,109.968507378451,0.021037916412123,-5.57086436208121,6.47150796507796e-11,1.43769658529443e-08
"3191","ECB_03191",2094.57662569987,4132.65270889786,56.5005425018741,0.0136717373759051,-6.19265960050047,4.12740199300164e-12,1.34113483098605e-09
"3192","ECB_03192",469.079471002676,917.920347866374,20.2385941389771,0.0220483119107447,-5.50318798710874,3.69920969053713e-09,4.00368310352749e-07
"3193","ECB_03193",95.8130689683501,184.530458084292,7.09567985240829,0.0384526214592013,-4.70077423431139,5.52184797835464e-06,0.000219884153930518
"3198","ECB_03198",164.268560119054,271.525723019626,57.0113972184821,0.209966836970217,-2.25176661421863,0.0260595101871978,0.20951846190507
"3200","ECB_03200",224.007867294435,359.999874334163,88.0158602547071,0.244488586051583,-2.0321609803485,0.0202422136294624,0.178004966104085
"3238","ECB_03238",20.6453766812139,39.6946419119981,1.59611145042962,0.0402097455361395,-4.63631098357705,0.0131267778738874,0.125642016792923
"3240","ECB_03240",107.723078887316,187.202885560439,28.2432722141929,0.150869855075362,-2.72862352148003,0.0022163313147553,0.0324831058318824
"3241","ECB_03241",25.5629877755658,51.1259755511315,0,0,-Inf,0.00082065190879508,0.0147403051362725
"3242","ECB_03242",25.1575488963745,44.5594482419752,5.7556495507737,0.129167881961156,-2.95268071135518,0.0156335456130202,0.14283375764623
"3259","ECB_03259",22.0066458387482,42.4171802270667,1.59611145042962,0.0376288909796774,-4.73201541968057,0.0097566614468683,0.101438586252732
"3268","ECB_03268",306.413372906685,608.608890736348,4.21785507702144,0.00693032116556548,-7.17286207324732,2.27347247894542e-11,6.53373224510179e-09
"3269","ECB_03269",2325.84403519986,4625.63550973329,26.0525606664282,0.00563221218178739,-7.47208259915167,1.34478847688709e-15,2.83817608047021e-12
"3277","ECB_03277",1071.03533284511,7.58943861581067,2134.4812270744,281.243624874671,8.13567658400329,7.38205717788718e-10,9.44232222662479e-08
"3280","ECB_03280",115.240278642528,185.78551393008,44.6950433549757,0.240573349393627,-2.0554512646229,0.0490672597386412,0.327192580342503
"3282","ECB_03282",54.4395770932232,86.9633183782767,21.9158358081697,0.252012414163398,-1.98843329207153,0.0473236395014,0.31747878173738
"3284","ECB_03284",43.7237406422448,75.8195482295875,11.6279330549021,0.153363259560606,-2.70497518961042,0.0167482103076615,0.151055973736409
"3285","ECB_03285",2545.79090293398,796.393103691563,4295.18870217641,5.39330223010055,2.43116888192005,0.0166039579449142,0.150244537057825
"3302","ECB_03302",78.8971171679994,9.86764642631926,147.926587909679,14.9910709726207,3.90603154900012,0.00601635283709108,0.0713343408015771
"3309","ECB_03309",57.4617855297226,106.627308100843,8.2962629586026,0.0778061746692172,-3.68397153827566,0.0467555305280215,0.315596713361262
"3311","ECB_03311",16.5853683702295,30.2929119650722,2.87782477538685,0.0949999385567484,-3.39592960942485,0.033803720869143,0.250765388029266
"3312","ECB_03312",11.2630166705735,22.5260333411471,0,0,-Inf,0.0346466269890336,0.255670301609634
"3318","ECB_03318",81.8034151952419,160.926769787215,2.68006060326919,0.016653914117663,-5.90799490049586,0.0092522641695435,0.0978792156883286
"3343","ECB_03343",58.1986590591857,0.688466843617463,115.708851274754,168.067427425809,7.39289633764049,8.92438465541589e-05,0.00235436422690691
"3367","ECB_03367",38.2880637040445,4.78269313040153,71.7934342776875,15.0110894260239,3.90795677887378,0.0390247502523839,0.2763816624418
"3370","ECB_03370",47.7516030986562,5.42469867875673,90.0785075185556,16.6052554902829,4.05356801536294,0.026809334939,0.213908995370966
"3376","ECB_03376",231.935099471282,37.9799801101594,425.890218832405,11.2135450728812,3.48717054167766,0.0114931652656229,0.113879461469939
"3380","ECB_03380",92.9496764931325,175.750897428438,10.1484555578272,0.0577434067553453,-4.11419996332217,0.0428963969093965,0.297278319387138
"3391","ECB_03391",35.1412080775883,70.2824161551766,0,0,-Inf,0.000114303955148552,0.00287188687310737
"3392","ECB_03392",28.1363404974342,53.5926203915993,2.68006060326919,0.0500080157246667,-4.32169682850003,0.00896071050618302,0.0955779832802709
"3393","ECB_03393",25.6043725141671,49.8687147266995,1.34003030163459,0.0268711617890795,-5.21779749138199,0.00458626446604982,0.0576149473547509
"3394","ECB_03394",16.8897593018265,33.7795186036529,0,0,-Inf,0.00696318739523841,0.0792360937832298
"3395","ECB_03395",331.887423003739,642.254538543543,21.5203074639344,0.0335074431902599,-4.89937458492328,1.13939341230474e-07,7.8842288415382e-06
"3398","ECB_03398",13.0436306685466,0.862568674709598,25.2246926623836,29.2436920119735,4.87005355772078,0.0471125354404824,0.316659254927192
"3401","ECB_03401",14.9504381700003,28.304764889571,1.59611145042962,0.0563902034394823,-4.1484116419892,0.0498311768528437,0.329682441216071
"3403","ECB_03403",60.4544913654891,111.133242275301,9.77574045567748,0.0879641433610017,-3.50694062894716,0.00126504030547626,0.0207771794918883
"3410","ECB_03410",119.956508631177,210.982631820539,28.930385441815,0.137122118499418,-2.86646679090632,0.0029155502588283,0.0395708605868626
"3411","ECB_03411",23.1113048407653,41.7486734557142,4.47393622581647,0.107163554084234,-3.22211376075314,0.0231030133193052,0.193487736549181
"3417","ECB_03417",18.5052317947744,1.75264174171052,35.2578218478383,20.1169588791306,4.3303403214221,0.0417036756827758,0.290960686044623
"3423","ECB_03423",38.4591865877964,72.8982822706891,4.02009090490378,0.0551465793113781,-4.18058479015145,0.00410099136003397,0.0524554076687982
"3424","ECB_03424",18.8557490082475,37.7114980164949,0,0,-Inf,0.00414717338449125,0.0528858575708084
"3445","ECB_03445",11.5815575148533,23.1631150297067,0,0,-Inf,0.0313893014772223,0.238728363126767
"3449","ECB_03449",33.5260120795822,0.897605478895911,66.1544186802685,73.7009969698947,6.20361222999868,0.019538689340421,0.174102900099347
"3468","ECB_03468",26.319670827857,51.2993113540793,1.34003030163459,0.0261217990312854,-5.25860192979175,0.00391331036002706,0.0505140153812668
"3470","ECB_03470",67.209925928441,124.01531515026,10.4045367066223,0.0838971920041965,-3.57523366456152,0.00216736186204162,0.0318760781173438
"3477","ECB_03477",10.1948335202536,20.3896670405073,0,0,-Inf,0.0479439784111512,0.320715583000744
"3494","ECB_03494",52.3621779677676,99.1081535802018,5.61620235533341,0.0566674098189972,-4.14133692921345,0.00278983566918918,0.0381096969567881
"3495","ECB_03495",30.7780519266247,57.0821676274329,4.47393622581647,0.0783771256728934,-3.67342352387083,0.0055509210054251,0.0671359242518606
"3501","ECB_03501",16.0069994765117,30.6739686513888,1.34003030163459,0.0436862382192571,-4.51667730775266,0.0386313190899263,0.275443915335438
"3507","ECB_03507",62.9864268056067,117.478826480493,8.49402713072026,0.0723026215462805,-3.78980823245653,0.000899923436363048,0.0158274034370351
"3582","ECB_03582",127.06333031269,217.274034908095,36.8526257172858,0.169613574548262,-2.55967645830131,0.00618305020946594,0.0728499328981927
"3585","ECB_03585",15.5284870372408,31.0569740744817,0,0,-Inf,0.00992650159003984,0.102695498067545
"3586","ECB_03586",30.3155056734508,59.290981045267,1.34003030163459,0.0226009129552354,-5.46747513884275,0.00177693398757182,0.0268832916184252
"3589","ECB_03589",63.1696283391016,117.647465375365,8.69179130283792,0.0738799707678013,-3.75867289428757,0.000394205857710227,0.00811679475802374
"3613","ECB_03613",116.326491343995,202.580331116658,30.072651571332,0.148448032469719,-2.75197012291672,0.00653839174318926,0.0766309788446549
"3614","ECB_03614",44.872787230423,79.7137528563735,10.0318216044725,0.125848065672527,-2.99024505293037,0.00781386770978022,0.0863454332542379
"3615","ECB_03615",102.084587204989,193.053403652667,11.1157707573121,0.0575787349354953,-4.11832009803102,5.13594646306481e-05,0.00149509172555838
"3616","ECB_03616",586.003708227244,1166.13513295036,5.87228350412843,0.0050356801181964,-7.63359764309624,4.09832930758087e-13,3.45980960145977e-10
"3617","ECB_03617",252.184608035032,504.369216070065,0,0,-Inf,2.84361541155796e-12,1.09117278656238e-09
"3618","ECB_03618",321.375136364058,634.51232674619,8.23794598192523,0.0129831141723752,-6.26721971536139,5.48640054440815e-10,7.47035377353123e-08
"3619","ECB_03619",73.3030451364435,145.009978822457,1.59611145042962,0.011006907685876,-6.50544697908077,3.26578112432402e-06,0.000139241031573451
"3620","ECB_03620",118.373524768515,236.74704953703,0,0,-Inf,5.15920315890615e-09,5.18499917470068e-07
"3621","ECB_03621",186.453987241045,368.690119405068,4.21785507702144,0.0114401087933344,-6.4497554178282,3.71521079674788e-07,1.98505123709782e-05
"3622","ECB_03622",92.2444606908604,177.532688724753,6.956232656968,0.0391828271567101,-4.67363469370532,5.18154216718215e-05,0.00149803352655314
"3646","ECB_03646",53.5714375165539,98.6488479023875,8.49402713072026,0.0861036627526055,-3.53778158022896,0.00268331198265088,0.0368933546539718
"3648","ECB_03648",139.898982729539,273.983998931627,5.81396652745107,0.0212200951519871,-5.55842506438952,1.94974991862175e-07,1.19273831978296e-05
"3649","ECB_03649",228.772638947482,454.667453119578,2.87782477538685,0.00632951568369681,-7.30368917165305,7.95264208522679e-11,1.59848105913059e-08
"3650","ECB_03650",134.734709053355,269.46941810671,0,0,-Inf,1.52504238519977e-09,1.83920111655092e-07
"3652","ECB_03652",885.028452860616,1748.73436242941,21.3225432918167,0.0121931287849771,-6.35778781743558,0.00307362172616246,0.041449703853456
"3658","ECB_03658",69.8253929699999,120.356693758422,19.2940921815778,0.160307595523558,-2.64108531153735,0.00774064897055408,0.08598231395976
"3659","ECB_03659",101.528197248927,166.378719710601,36.6776747872537,0.2204469108252,-2.18149683461953,0.0117354541633385,0.115736803793112
"3665","ECB_03665",16.7534003885898,33.5068007771795,0,0,-Inf,0.007131859366912,0.0807066444711408
"3674","ECB_03674",17.0426418788336,34.0852837576672,0,0,-Inf,0.00659677706712005,0.0767079779622967
"3677","ECB_03677",30.2372306774202,48.9631622532929,11.5112991015474,0.235101218381238,-2.08864607929917,0.0320997619772754,0.241509135632719
"3678","ECB_03678",22.9511186432193,45.9022372864386,0,0,-Inf,0.00149929936352984,0.023352555769223
"3708","ECB_03708",1061.20290643928,2088.25475342565,34.1510594529131,0.0163538760761303,-5.93422357649345,7.59021553289959e-11,1.59848105913059e-08
"3717","ECB_03717",44.3358269283184,74.1658960263479,14.505757830289,0.195585283903746,-2.35413027080266,0.0261933674210976,0.210194303962838
"3718","ECB_03718",105.552753419275,200.700970131927,10.4045367066223,0.0518409886099856,-4.2697629590305,0.000244194405502796,0.00545367505622911
"3738","ECB_03738",76.2587909419712,142.939605600383,9.57797628355982,0.0670071548282919,-3.89954103921646,0.00047553393691576,0.00939625804743593
"3744","ECB_03744",30.2041277129913,56.3881645210787,4.02009090490378,0.0712931683279213,-3.81009235282002,0.0153771627317538,0.140796103884453
"3745","ECB_03745",23.3903731215819,46.7807462431637,0,0,-Inf,0.00135605644315147,0.0217639324963587
"3749","ECB_03749",72.0812290100184,116.886501005329,27.275957014708,0.233354209255221,-2.0994066039433,0.0372953759760722,0.268641266203073
"3753","ECB_03753",47.6364117412593,80.8253826289071,14.4474408536116,0.178748808650174,-2.48399446843809,0.010450964450576,0.106554398420003
"3755","ECB_03755",280.748143795396,540.348695229007,21.1475923617846,0.0391369361090471,-4.67532537283153,4.03978738355548e-07,2.10517809209725e-05
"3756","ECB_03756",601.530232428733,1173.67623409474,29.3842307627277,0.0250360618278957,-5.31984854556321,2.71757946110444e-07,1.52945372070958e-05
"3776","ECB_03776",17.3764932468672,31.8751617183476,2.87782477538685,0.0902842407770546,-3.46938200424968,0.0278402917693514,0.219242297683642
"3794","ECB_03794",155.150695040502,292.171069690046,18.1303203909574,0.0620537837993037,-4.01033700678319,5.79866929839507e-05,0.00163174554056837
"3799","ECB_03799",137.065183797267,17.4283952440207,256.701972350514,14.7289505864622,3.88058273927063,0.00237536793120724,0.0343370823206361
"3801","ECB_03801",129.070990367028,221.80151731436,36.3404634196957,0.163842266994911,-2.60962051252465,0.0441094621414368,0.301960493752197
"3804","ECB_03804",121.412725565396,187.307529482872,55.5179216479188,0.296399839350801,-1.75438342918648,0.0431504602238061,0.297611262425957
"3811","ECB_03811",88.1575732247669,19.4495012568186,156.865645192715,8.0652785447504,3.01172435956699,0.0274201912893808,0.217149394807648
"3812","ECB_03812",35.325473030706,4.77280661005998,65.8781394513521,13.8028092972584,3.78689002469834,0.0413603296801559,0.289522307761091
"3814","ECB_03814",204.36237969087,343.652982273329,65.071777108411,0.189353157007249,-2.40084862000391,0.00874768604867545,0.0939541547365371
"3817","ECB_03817",49.5413610871868,89.1903477653414,9.89237440903222,0.110913060178428,-3.17249883989018,0.0144546515847076,0.134094690855056
"3826","ECB_03826",23.2642475875834,43.8484345718976,2.68006060326919,0.061121009893175,-4.03218780877281,0.0225129656683286,0.19005445617203
"3840","ECB_03840",18.5841043001069,35.8281782985791,1.34003030163459,0.0374015751084877,-4.74075716155074,0.0209325121077802,0.180745096506576
"3841","ECB_03841",182.892498590424,332.124594364421,33.6604028164265,0.101348720894463,-3.30260021398447,0.000236550214951101,0.00536443564317186
"3844","ECB_03844",14.2667853261841,28.5335706523681,0,0,-Inf,0.014145810586746,0.13239349553582
"3845","ECB_03845",52.7706790351805,97.2450951117584,8.2962629586026,0.0853129193721098,-3.55109195699171,0.00692210404098457,0.0791821169566284
"3846","ECB_03846",32.652612620572,60.7729720386502,4.53225320249384,0.0745767904786922,-3.74512947981938,0.0103240954024279,0.106012446170762
"3847","ECB_03847",66.377571150926,118.191067494886,14.5640748069663,0.123224835139056,-3.02063504404032,0.00419657748971878,0.0531944552075164
"3848","ECB_03848",103.817241011289,170.979620477411,36.6548615451681,0.214381465129119,-2.22174791540797,0.0275872769371111,0.217655880283263
"3851","ECB_03851",31.8509934704548,53.414084187642,10.2879027532675,0.192606555176093,-2.37627129015299,0.0462945944277921,0.31365888134785
"3856","ECB_03856",2218.9956797051,4341.95943816876,96.031921241447,0.0221171852498809,-5.49868839753069,1.72532892915603e-10,3.31027882271254e-08
"3859","ECB_03859",77.8553995882716,154.114687726114,1.59611145042962,0.0103566472085137,-6.59329915958075,1.98796580004099e-06,9.02279961502475e-05
"3860","ECB_03860",806.366314742105,1588.64889537036,24.0837341138488,0.0151598847196719,-6.0435974069115,8.28731368660486e-09,7.95017069799071e-07
"3861","ECB_03861",418.487818032258,823.693274582507,13.2823614820091,0.0161253732328231,-5.95452363668619,5.1360398159186e-10,7.22640802099747e-08
"3862","ECB_03862",2547.85196874292,4727.14314626109,368.560791224745,0.077966919939003,-3.680994047375,8.05669751052912e-06,0.000294041696454617
"3863","ECB_03863",1009.23625183293,1998.54830765237,19.9241960135047,0.00996933420984409,-6.64828712549794,9.15886402424721e-13,4.45514702841977e-10
"3864","ECB_03864",1606.62534647105,3154.30466532464,58.9460276174517,0.0186874870602853,-5.74178360942418,3.73919385264459e-11,9.59843088779817e-09
"3874","ECB_03874",26.6198419891437,51.6435725278578,1.59611145042962,0.0309062942841268,-5.0159555067339,0.00367398431113978,0.0481611421655932
"3877","ECB_03877",193.306709576042,366.433141989784,20.1802771622998,0.0550721942145243,-4.18253209954724,8.93639194072514e-06,0.000319665342218651
"3882","ECB_03882",70.9256966382981,135.979109772468,5.87228350412843,0.0431851886216526,-4.53331959882239,0.0298576880899813,0.230935306986551
"3888","ECB_03888",110.696269939253,6.25170495878511,215.14083491972,34.413145907885,5.10488787822204,0.000647259882440999,0.0122514975954415
"3891","ECB_03891",241.387938074499,418.412717929313,64.3631582196854,0.153826964290696,-2.70061967976205,0.00320290940180998,0.0430556706529933
"3896","ECB_03896",54.6959334792044,96.1095054763996,13.2823614820091,0.138200289515283,-2.85516745686144,0.01334930387997,0.127482831849216
"3905","ECB_03905",27.4722373619886,54.9444747239772,0,0,-Inf,0.00103022384955414,0.0176771336136911
"3906","ECB_03906",413.218479228577,823.756897853885,2.68006060326919,0.00325346059043814,-8.26380920636453,3.72355094063564e-10,5.82115130386039e-08
"3907","ECB_03907",96.3562705259203,189.834716276454,2.87782477538685,0.0151596337689673,-6.04362128890931,0.00138741622800997,0.0220161048813161
"3908","ECB_03908",202.529196670391,403.462281890351,1.59611145042962,0.00395603634359902,-7.98172860464969,2.68907557818813e-10,4.72941167313837e-08
"3924","ECB_03924",23.8536014686364,47.7072029372728,0,0,-Inf,0.00120554336147514,0.0199552883481826
"3926","ECB_03926",37.826700989258,72.7755772031292,2.87782477538685,0.0395438261843577,-4.66040371956404,0.000453156827532025,0.00907515782034164
"3930","ECB_03930",77.641358937708,148.326485218448,6.956232656968,0.0468981156448439,-4.41432623301389,0.000200864460633498,0.00465851037546151
"3937","ECB_03937",28.5008029762013,49.9059260999943,7.09567985240829,0.142181107674287,-2.81419831541069,0.0206267388998613,0.180448562852447
"3949","ECB_03949",43.3227733899383,85.049435329447,1.59611145042962,0.0187668671078995,-5.73566835927235,0.000183067116860096,0.00436568531223991
"4012","ECB_04012",77.2356514450587,151.59347811473,2.87782477538685,0.0189838297212814,-5.71908512457294,2.15950936496384e-06,9.49509273907537e-05
"4013","ECB_04013",396.924978095876,763.696174401657,30.1537817900949,0.0394840026712454,-4.66258794007044,1.66096506637908e-05,0.000569994597169602
"4014","ECB_04014",19.9825976890545,37.0290536260448,2.93614175206422,0.079292919060698,-3.65666415224567,0.043679071833862,0.299787580830458
"4017","ECB_04017",54.99809995001,91.7277398946044,18.2684600054157,0.199159600208249,-2.32800307042497,0.0304660358244864,0.234666308786783
"4019","ECB_04019",40.7813160840918,3.52158412225371,78.0410480459298,22.1607791654813,4.46993670183467,0.0117248050112366,0.115736803793112
"4021","ECB_04021",37.4745950982326,2.18713313831088,72.7620570581544,33.2682340108241,5.05607338006072,0.006553845857124,0.0766309788446549
"4040","ECB_04040",88.0233204580766,159.76851312442,16.2781277917328,0.101885706222077,-3.29497642816264,0.00267960360256226,0.0368933546539718
"4041","ECB_04041",98.6650654426012,188.777786777805,8.55234410739762,0.0453037629764348,-4.46422530281506,6.76127910586309e-05,0.00186531758861752
"4042","ECB_04042",149.451580622463,274.563345982283,24.3398152626438,0.0886491792105944,-3.49574891628513,0.000126706849549088,0.00314605654086293
"4044","ECB_04044",446.380776181593,865.4272783718,27.3342739913854,0.0315847150586837,-4.9846296327623,0.000772960568517049,0.0140829017995511
"4055","ECB_04055",138.73526836654,24.1953627711177,253.275173961963,10.4679221534261,3.38790319556633,0.00819974793139601,0.090133166714642
"4066","ECB_04066",37.9901464481788,1.33053950438671,74.6497533919708,56.1048756131291,5.81005424392534,0.000371189666399,0.00770051020473751
"4067","ECB_04067",166.828943238421,333.657886476842,0,0,-Inf,3.23674927835298e-10,5.46492748157118e-08
"4068","ECB_04068",144.418106039583,285.900070327101,2.93614175206422,0.0102698182225172,-6.6054455438337,3.75948516060949e-08,2.93866423387642e-06
"4069","ECB_04069",25.6699674151136,51.3399348302271,0,0,-Inf,0.000804337695634486,0.0145090145866375
"4070","ECB_04070",154.306527782947,301.26129456469,7.35176100120332,0.0244032709606002,-5.35678165336523,7.7308752963007e-08,5.62621114235953e-06
"4079","ECB_04079",23.0036812211445,44.6673321406543,1.34003030163459,0.0300002314312154,-5.05888255960761,0.00781425148143068,0.0863454332542379
"4088","ECB_04088",138.360530103793,41.0842424191113,235.636817788474,5.73545485845108,2.51990790577199,0.0286049866180112,0.224010479618971
"4101","ECB_04101",28.0179915021061,54.6959527025776,1.34003030163459,0.0244996244771771,-5.35109655356999,0.00276816863268014,0.0379364928524119
"4110","ECB_04110",28.2840248618035,52.2918776699082,4.27617205369881,0.0817750718513512,-3.61219506784769,0.0213024085264712,0.182759078028933
"4111","ECB_04111",22.1378441790125,42.9356580563903,1.34003030163459,0.031210195960538,-5.00183877418986,0.00947009042814429,0.0996839194443817
"4121","ECB_04121",389.198564993982,117.520780596448,660.876349391517,5.62348502143538,2.49146448362827,0.0357201092147137,0.259956174129839
"4124","ECB_04124",123.47017479463,229.440133030229,17.5002165590306,0.0762735635126437,-3.71267308550767,0.000134964381863171,0.00331212009211885
"4126","ECB_04126",99.5845668170699,180.58496792227,18.5841657118701,0.102910922906216,-3.28053197770597,0.00112808775110231,0.0188207841794579
"4156","ECB_04156",56.1842493536743,104.900103752791,7.46839495455806,0.0711953056992032,-3.81207407032108,0.0019434079503219,0.0291598193570593
"4157","ECB_04157",318.375329359755,602.856987996374,33.893670723136,0.0562217431297983,-4.15272800525373,7.77003643364865e-06,0.000287695822687991
"4197","ECB_04197",51.7555359749333,94.5048825215564,9.00618942831031,0.0952986680477172,-3.39140013948402,0.0244097944936255,0.200501649298144
"4215","ECB_04215",25.3699536252912,44.6698595743363,6.07004767624609,0.135886876164112,-2.87952196628187,0.0351500875065795,0.257497033106903
"4216","ECB_04216",39.3495099838236,69.6928305393368,9.00618942831031,0.129226914140429,-2.95202152289585,0.0163527612583436,0.148760787222992
"4220","ECB_04220",190.398792861141,332.967328862143,47.8302568601397,0.143648498558676,-2.79938518126004,0.00239104499635846,0.0344457369611913
"4258","ECB_04258",44.7596507696006,83.6470180350727,5.87228350412843,0.0702031422287668,-3.83232058408242,0.0310593258756017,0.237933601671352
"4265","ECB_04265",11.1763668208819,22.3527336417637,0,0,-Inf,0.0353920860645696,0.258460199443855
"4280","RF00010.1",34409.3788060656,2495.55773614718,66323.199875984,26.5765038874149,4.73207942688936,0.00587755358717221,0.0700823550606042
"4281","RF00013.1",415956.918926128,5788.87321154697,826124.96464071,142.709113578935,7.15693365980422,3.37753018851743e-08,2.68991602372303e-06
"4283","RF00021.1",537.549922415446,973.011873986687,102.087970844205,0.10491955296077,-3.25264452916624,0.00323649068393817,0.0432317315724779
"4285","RF00023.1",218495.291424172,24376.7014235606,412613.881424784,16.9265674733983,4.08121753467808,0.0140631707169064,0.131912541324582
"4287","RF00035.1",113.51362161356,3.756281110233,223.270962116888,59.4393645109905,5.89334678644113,0.000643513256464655,0.0122354479979158
"4292","RF00078.1",86.9871329930682,5.88532173059173,168.088944255545,28.5607061007087,4.83595974216048,0.0216631556347374,0.184669925061445
"4301","RF00110.1",258.714289363248,13.8902250304319,503.538353696064,36.2512740141265,5.17995979295464,0.000287873383583801,0.00617888768967292
"4302","RF00111.1",823.595394901578,0.597235849030594,1646.59355395413,2757.02397407457,11.4288960972144,1.86715328968325e-07,1.17630657250045e-05
"4305","RF00113.2",330.370912522848,50.1991492892597,610.542675756437,12.1624108057756,3.60435731978793,0.00943038334348054,0.0995141202320785
"4307","RF00113.4",98.2419972763029,21.7124817070454,174.77151284556,8.04935682634792,3.00887351111436,0.0380047205117628,0.27235640964372
"4308","RF00113.5",3146.72823277596,705.482153732964,5587.97431181896,7.92078762340187,2.98564389544108,0.00883504839406509,0.0946516225161135
"4321","RF00127.1",38.3713660994237,75.4027018972127,1.34003030163459,0.0177716483351126,-5.81427869104142,0.000414246968525917,0.0084470360103763
"4324","RF00169.1",243384.729915041,10844.1663913331,475925.293438749,43.8876789846309,5.45574406966671,2.37849139900143e-05,0.000790520645290159
"4327","RF00369.1",2872.09534762498,272.114243907156,5472.07645134281,20.1094818586926,4.32980400450055,0.00142404135120796,0.0225126537207821
"4330","RF00372.1",371.130755972859,36.5453942608192,705.716117684898,19.3106718906439,4.27132645681634,0.00479304000932712,0.0594283371443484
"4336","RF01400.1",50.4009892835567,3.11562889855933,97.686349668554,31.3536537402527,4.97056166951897,0.00108658176056858,0.0183458464454399
"4338","RF01408.1",3985.59590396004,3.46706482460155,7967.72474309547,2298.11819108723,11.1662372816499,9.63973815076699e-17,4.06893347343875e-13
